{
    "frames": [
        {
            "file_path": "train/000.png",
            "transform_matrix": [
                [
                    1.0,
                    0.0,
                    0.0,
                    0.0
                ],
                [
                    0.0,
                    0.04163050651550293,
                    -0.9991331100463867,
                    -6.0
                ],
                [
                    0.0,
                    0.9991331100463867,
                    0.04163050651550293,
                    0.25
                ],
                [
                    0,
                    0,
                    0,
                    1
                ]
            ]
        },
        {
            "file_path": "train/001.png",
            "transform_matrix": [
                [
                    0.9948217272758484,
                    -0.004231123719364405,
                    0.1015469878911972,
                    0.609810471534729
                ],
                [
                    0.10163509845733643,
                    0.041414860635995865,
                    -0.9939593076705933,
                    -5.968930244445801
                ],
                [
                    8.710513199616798e-09,
                    0.9991331100463867,
                    0.04163043200969696,
                    0.25
                ],
                [
                    0,
                    0,
                    0,
                    1
                ]
            ]
        },
        {
            "file_path": "train/002.png",
            "transform_matrix": [
                [
                    0.9793406128883362,
                    -0.008418424986302853,
                    0.20204225182533264,
                    1.2133053541183472
                ],
                [
                    0.20221756398677826,
                    0.04077048599720001,
                    -0.9784916043281555,
                    -5.876043796539307
                ],
                [
                    -1.525206627661646e-09,
                    0.9991330504417419,
                    0.041630543768405914,
                    0.25
                ],
                [
                    0,
                    0,
                    0,
                    1
                ]
            ]
        },
        {
            "file_path": "train/003.png",
            "transform_matrix": [
                [
                    0.9537169337272644,
                    -0.01251855120062828,
                    0.3004451096057892,
                    1.8042347431182861
                ],
                [
                    0.30070582032203674,
                    0.03970368951559067,
                    -0.9528902173042297,
                    -5.722301483154297
                ],
                [
                    6.413234387991906e-10,
                    0.9991331696510315,
                    0.04163048043847084,
                    0.25
                ],
                [
                    0,
                    0,
                    0,
                    1
                ]
            ]
        },
        {
            "file_path": "train/004.png",
            "transform_matrix": [
                [
                    0.9182161092758179,
                    -0.016489053145051003,
                    0.395736426115036,
                    2.376478672027588
                ],
                [
                    0.39607980847358704,
                    0.03822591155767441,
                    -0.9174200892448425,
                    -5.509296417236328
                ],
                [
                    -1.049071585157435e-08,
                    0.9991331100463867,
                    0.04163062572479248,
                    0.25
                ],
                [
                    0,
                    0,
                    0,
                    1
                ]
            ]
        },
        {
            "file_path": "train/005.png",
            "transform_matrix": [
                [
                    0.8732057809829712,
                    -0.020288638770580292,
                    0.4869292676448822,
                    2.9241104125976562
                ],
                [
                    0.48735174536705017,
                    0.036351751536130905,
                    -0.8724488615989685,
                    -5.239234924316406
                ],
                [
                    1.1552183210028488e-08,
                    0.9991332292556763,
                    0.04163024574518204,
                    0.25
                ],
                [
                    0,
                    0,
                    0,
                    1
                ]
            ]
        },
        {
            "file_path": "train/006.png",
            "transform_matrix": [
                [
                    0.8191519975662231,
                    -0.023878229781985283,
                    0.5730792284011841,
                    3.4414587020874023
                ],
                [
                    0.5735765099525452,
                    0.03410148248076439,
                    -0.8184419870376587,
                    -4.914912223815918
                ],
                [
                    3.06357073043273e-08,
                    0.9991331696510315,
                    0.04163027182221413,
                    0.25
                ],
                [
                    0,
                    0,
                    0,
                    1
                ]
            ]
        },
        {
            "file_path": "train/007.png",
            "transform_matrix": [
                [
                    0.7566148042678833,
                    -0.027220623567700386,
                    0.653294026851654,
                    3.9231653213500977
                ],
                [
                    0.653860867023468,
                    0.03149833530187607,
                    -0.7559588551521301,
                    -4.539689064025879
                ],
                [
                    1.6238423938830238e-09,
                    0.9991330504417419,
                    0.04163061082363129,
                    0.25
                ],
                [
                    0,
                    0,
                    0,
                    1
                ]
            ]
        },
        {
            "file_path": "train/008.png",
            "transform_matrix": [
                [
                    0.686241626739502,
                    -0.030280930921435356,
                    0.7267431020736694,
                    4.364242076873779
                ],
                [
                    0.7273736596107483,
                    0.028568537905812263,
                    -0.6856467723846436,
                    -4.117449760437012
                ],
                [
                    -1.3247245078673586e-08,
                    0.9991331696510315,
                    0.04163045063614845,
                    0.25
                ],
                [
                    0,
                    0,
                    0,
                    1
                ]
            ]
        },
        {
            "file_path": "train/009.png",
            "transform_matrix": [
                [
                    0.6087614893913269,
                    -0.033027756959199905,
                    0.7926654815673828,
                    4.760119915008545
                ],
                [
                    0.793353259563446,
                    0.025343194603919983,
                    -0.6082336902618408,
                    -3.6525685787200928
                ],
                [
                    -4.78883599441815e-08,
                    0.9991330504417419,
                    0.04163065552711487,
                    0.25
                ],
                [
                    0,
                    0,
                    0,
                    1
                ]
            ]
        },
        {
            "file_path": "train/010.png",
            "transform_matrix": [
                [
                    0.5249766111373901,
                    -0.035432491451501846,
                    0.8503788113594055,
                    5.1066999435424805
                ],
                [
                    0.8511166572570801,
                    0.021855026483535767,
                    -0.52452152967453,
                    -3.149859666824341
                ],
                [
                    3.587221897305426e-08,
                    0.9991331100463867,
                    0.04163055121898651,
                    0.25
                ],
                [
                    0,
                    0,
                    0,
                    1
                ]
            ]
        },
        {
            "file_path": "train/011.png",
            "transform_matrix": [
                [
                    0.4357546269893646,
                    -0.03747011348605156,
                    0.8992852568626404,
                    5.400392532348633
                ],
                [
                    0.900065541267395,
                    0.018140535801649094,
                    -0.43537697196006775,
                    -2.6145284175872803
                ],
                [
                    1.3576020307937142e-08,
                    0.9991331696510315,
                    0.04163032025098801,
                    0.25
                ],
                [
                    0,
                    0,
                    0,
                    1
                ]
            ]
        },
        {
            "file_path": "train/012.png",
            "transform_matrix": [
                [
                    0.3420200049877167,
                    -0.039119888097047806,
                    0.9388781189918518,
                    5.638155937194824
                ],
                [
                    0.9396927356719971,
                    0.014238267205655575,
                    -0.34172359108924866,
                    -2.0521209239959717
                ],
                [
                    1.0335471500866333e-07,
                    0.9991331696510315,
                    0.04163038358092308,
                    0.25
                ],
                [
                    0,
                    0,
                    0,
                    1
                ]
            ]
        },
        {
            "file_path": "train/013.png",
            "transform_matrix": [
                [
                    0.24474336206912994,
                    -0.04036454111337662,
                    0.9687473177909851,
                    5.817527770996094
                ],
                [
                    0.9695878624916077,
                    0.010188871994614601,
                    -0.24453115463256836,
                    -1.4684597253799438
                ],
                [
                    -2.9648923316472064e-08,
                    0.9991330504417419,
                    0.04163064807653427,
                    0.25
                ],
                [
                    0,
                    0,
                    0,
                    1
                ]
            ]
        },
        {
            "file_path": "train/014.png",
            "transform_matrix": [
                [
                    0.14493171870708466,
                    -0.04119100049138069,
                    0.988584041595459,
                    5.936649799346924
                ],
                [
                    0.9894418120384216,
                    0.00603331858292222,
                    -0.14480622112751007,
                    -0.869591236114502
                ],
                [
                    1.2245016023371136e-07,
                    0.9991332292556763,
                    0.04163037985563278,
                    0.25
                ],
                [
                    0,
                    0,
                    0,
                    1
                ]
            ]
        },
        {
            "file_path": "train/015.png",
            "transform_matrix": [
                [
                    0.04361939802765846,
                    -0.04159093275666237,
                    0.9981820583343506,
                    5.994289398193359
                ],
                [
                    0.9990481734275818,
                    0.0018159461906179786,
                    -0.04358154535293579,
                    -0.26171600818634033
                ],
                [
                    -1.2603944554712143e-08,
                    0.9991330504417419,
                    0.041630588471889496,
                    0.25
                ],
                [
                    0,
                    0,
                    0,
                    1
                ]
            ]
        },
        {
            "file_path": "train/016.png",
            "transform_matrix": [
                [
                    -0.05814479663968086,
                    -0.041560057550668716,
                    0.9974427819252014,
                    5.989849090576172
                ],
                [
                    0.9983082413673401,
                    -0.002420576522126794,
                    0.05809429660439491,
                    0.3488689363002777
                ],
                [
                    -1.1280729950158275e-07,
                    0.9991331696510315,
                    0.04163038358092308,
                    0.25
                ],
                [
                    0,
                    0,
                    0,
                    1
                ]
            ]
        },
        {
            "file_path": "train/017.png",
            "transform_matrix": [
                [
                    -0.15930703282356262,
                    -0.04109884798526764,
                    0.986373245716095,
                    5.923374652862549
                ],
                [
                    0.9872291088104248,
                    -0.006632060278207064,
                    0.15916891396045685,
                    0.9558414816856384
                ],
                [
                    2.3739499255270857e-08,
                    0.9991330504417419,
                    0.04163051024079323,
                    0.25
                ],
                [
                    0,
                    0,
                    0,
                    1
                ]
            ]
        },
        {
            "file_path": "train/018.png",
            "transform_matrix": [
                [
                    -0.2588191032409668,
                    -0.04021197557449341,
                    0.9650886058807373,
                    5.795555114746094
                ],
                [
                    0.9659259915351868,
                    -0.010774792172014713,
                    0.2585946023464203,
                    1.5529142618179321
                ],
                [
                    -8.38962819216249e-08,
                    0.9991331696510315,
                    0.04163036122918129,
                    0.25
                ],
                [
                    0,
                    0,
                    0,
                    1
                ]
            ]
        },
        {
            "file_path": "train/019.png",
            "transform_matrix": [
                [
                    -0.3556509017944336,
                    -0.03890865668654442,
                    0.9338088035583496,
                    5.607713222503662
                ],
                [
                    0.9346190690994263,
                    -0.014805967919528484,
                    0.35534247756004333,
                    2.1339049339294434
                ],
                [
                    -6.771371374725277e-08,
                    0.9991331696510315,
                    0.04163035750389099,
                    0.25
                ],
                [
                    0,
                    0,
                    0,
                    1
                ]
            ]
        },
        {
            "file_path": "train/020.png",
            "transform_matrix": [
                [
                    -0.44879916310310364,
                    -0.03720248118042946,
                    0.8928579092025757,
                    5.361795902252197
                ],
                [
                    0.8936325907707214,
                    -0.01868376135826111,
                    0.44841012358665466,
                    2.6927950382232666
                ],
                [
                    -7.361702358821276e-09,
                    0.9991330504417419,
                    0.04163063317537308,
                    0.25
                ],
                [
                    0,
                    0,
                    0,
                    1
                ]
            ]
        },
        {
            "file_path": "train/021.png",
            "transform_matrix": [
                [
                    -0.537299633026123,
                    -0.035110775381326675,
                    0.8426602482795715,
                    5.0603485107421875
                ],
                [
                    0.8433914184570312,
                    -0.02236809767782688,
                    0.5368338227272034,
                    3.2237977981567383
                ],
                [
                    4.8370953464882405e-08,
                    0.9991331100463867,
                    0.04163048788905144,
                    0.25
                ],
                [
                    0,
                    0,
                    0,
                    1
                ]
            ]
        },
        {
            "file_path": "train/022.png",
            "transform_matrix": [
                [
                    -0.6202356815338135,
                    -0.032655682414770126,
                    0.7837356328964233,
                    4.706493377685547
                ],
                [
                    0.7844156622886658,
                    -0.025820771232247353,
                    0.6196979284286499,
                    3.7214133739471436
                ],
                [
                    -4.1895059865737494e-08,
                    0.9991331100463867,
                    0.04163049906492233,
                    0.25
                ],
                [
                    0,
                    0,
                    0,
                    1
                ]
            ]
        },
        {
            "file_path": "train/023.png",
            "transform_matrix": [
                [
                    -0.6967480182647705,
                    -0.029862219467759132,
                    0.7166943550109863,
                    4.303896903991699
                ],
                [
                    0.717316210269928,
                    -0.029006021097302437,
                    0.6961438655853271,
                    4.180487155914307
                ],
                [
                    -2.676689803138288e-08,
                    0.9991331696510315,
                    0.041630350053310394,
                    0.25
                ],
                [
                    0,
                    0,
                    0,
                    1
                ]
            ]
        },
        {
            "file_path": "train/024.png",
            "transform_matrix": [
                [
                    -0.7660444974899292,
                    -0.026759587228298187,
                    0.6422303915023804,
                    3.8567256927490234
                ],
                [
                    0.6427876353263855,
                    -0.031890857964754105,
                    0.7653803825378418,
                    4.596266746520996
                ],
                [
                    -3.4941827209422627e-09,
                    0.9991331100463867,
                    0.041630495339632034,
                    0.25
                ],
                [
                    0,
                    0,
                    0,
                    1
                ]
            ]
        },
        {
            "file_path": "train/025.png",
            "transform_matrix": [
                [
                    -0.8274075984954834,
                    -0.02337975800037384,
                    0.5611152052879333,
                    3.369612216949463
                ],
                [
                    0.5616020560264587,
                    -0.03444542735815048,
                    0.8266902565956116,
                    4.964445114135742
                ],
                [
                    1.0405223349607695e-09,
                    0.9991331100463867,
                    0.04163041710853577,
                    0.25
                ],
                [
                    0,
                    0,
                    0,
                    1
                ]
            ]
        },
        {
            "file_path": "train/026.png",
            "transform_matrix": [
                [
                    -0.880201518535614,
                    -0.01975790597498417,
                    0.47418880462646484,
                    2.8476016521453857
                ],
                [
                    0.47460025548934937,
                    -0.0366433784365654,
                    0.8794384002685547,
                    5.2812089920043945
                ],
                [
                    2.51974796583454e-09,
                    0.9991331100463867,
                    0.04163059964776039,
                    0.25
                ],
                [
                    0,
                    0,
                    0,
                    1
                ]
            ]
        },
        {
            "file_path": "train/027.png",
            "transform_matrix": [
                [
                    -0.9238795042037964,
                    -0.015931345522403717,
                    0.38235175609588623,
                    2.2961008548736572
                ],
                [
                    0.38268351554870605,
                    -0.038461677730083466,
                    0.9230785965919495,
                    5.543276786804199
                ],
                [
                    2.041726787638254e-09,
                    0.9991331100463867,
                    0.041630592197179794,
                    0.25
                ],
                [
                    0,
                    0,
                    0,
                    1
                ]
            ]
        },
        {
            "file_path": "train/028.png",
            "transform_matrix": [
                [
                    -0.9579896330833435,
                    -0.01193977054208517,
                    0.28655463457107544,
                    1.7208194732666016
                ],
                [
                    0.286803275346756,
                    -0.03988157957792282,
                    0.9571590423583984,
                    5.747937202453613
                ],
                [
                    -2.831051837404175e-08,
                    0.9991331696510315,
                    0.04163036495447159,
                    0.25
                ],
                [
                    0,
                    0,
                    0,
                    1
                ]
            ]
        },
        {
            "file_path": "train/029.png",
            "transform_matrix": [
                [
                    -0.9821781516075134,
                    -0.007824582047760487,
                    0.18778978288173676,
                    1.127716302871704
                ],
                [
                    0.18795272707939148,
                    -0.0408887080848217,
                    0.9813266396522522,
                    5.893068313598633
                ],
                [
                    5.423396842729744e-09,
                    0.9991331100463867,
                    0.041630588471889496,
                    0.25
                ],
                [
                    0,
                    0,
                    0,
                    1
                ]
            ]
        },
        {
            "file_path": "train/030.png",
            "transform_matrix": [
                [
                    -0.9961948394775391,
                    -0.003628335427492857,
                    0.08708009123802185,
                    0.522933840751648
                ],
                [
                    0.08715564757585526,
                    -0.04147213697433472,
                    0.9953311681747437,
                    5.977168083190918
                ],
                [
                    -4.778517581627284e-09,
                    0.9991331696510315,
                    0.041630398482084274,
                    0.25
                ],
                [
                    0,
                    0,
                    0,
                    1
                ]
            ]
        },
        {
            "file_path": "train/031.png",
            "transform_matrix": [
                [
                    -0.9998943209648132,
                    0.0006054661353118718,
                    -0.014531214721500874,
                    -0.08726293593645096
                ],
                [
                    -0.014543822966516018,
                    -0.04162603244185448,
                    0.9990274310112,
                    5.99936580657959
                ],
                [
                    1.2645605673711202e-09,
                    0.9991331100463867,
                    0.041630327701568604,
                    0.25
                ],
                [
                    0,
                    0,
                    0,
                    1
                ]
            ]
        },
        {
            "file_path": "train/032.png",
            "transform_matrix": [
                [
                    -0.9932383894920349,
                    0.004833019804209471,
                    -0.11599227041006088,
                    -0.6965574026107788
                ],
                [
                    -0.11609291285276413,
                    -0.041349146515131,
                    0.9923773407936096,
                    5.959429740905762
                ],
                [
                    1.855015696605733e-09,
                    0.9991331100463867,
                    0.0416305772960186,
                    0.25
                ],
                [
                    0,
                    0,
                    0,
                    1
                ]
            ]
        },
        {
            "file_path": "train/033.png",
            "transform_matrix": [
                [
                    -0.9762959480285645,
                    0.009010488167405128,
                    -0.21625199913978577,
                    -1.298637866973877
                ],
                [
                    -0.2164396345615387,
                    -0.04064361751079559,
                    0.9754496216773987,
                    5.857776165008545
                ],
                [
                    5.85998183311176e-09,
                    0.9991330504417419,
                    0.04163049906492233,
                    0.25
                ],
                [
                    0,
                    0,
                    0,
                    1
                ]
            ]
        },
        {
            "file_path": "train/034.png",
            "transform_matrix": [
                [
                    -0.9492426514625549,
                    0.013094681315124035,
                    -0.3142721652984619,
                    -1.887269139289856
                ],
                [
                    -0.3145448565483093,
                    -0.03951755538582802,
                    0.9484196901321411,
                    5.695455551147461
                ],
                [
                    -7.657304124109032e-09,
                    0.9991331100463867,
                    0.0416305735707283,
                    0.25
                ],
                [
                    0,
                    0,
                    0,
                    1
                ]
            ]
        },
        {
            "file_path": "train/035.png",
            "transform_matrix": [
                [
                    -0.9123586416244507,
                    0.017043212428689003,
                    -0.40903735160827637,
                    -2.4563534259796143
                ],
                [
                    -0.40939226746559143,
                    -0.0379820354282856,
                    0.9115676283836365,
                    5.474150657653809
                ],
                [
                    5.77142422741872e-09,
                    0.9991331696510315,
                    0.041630420833826065,
                    0.25
                ],
                [
                    0,
                    0,
                    0,
                    1
                ]
            ]
        },
        {
            "file_path": "train/036.png",
            "transform_matrix": [
                [
                    -0.866025447845459,
                    0.020815275609493256,
                    -0.49956652522087097,
                    -2.999999761581421
                ],
                [
                    -0.5,
                    -0.0360531359910965,
                    0.8652746677398682,
                    5.196152210235596
                ],
                [
                    3.973610773755354e-09,
                    0.9991331100463867,
                    0.041630521416664124,
                    0.25
                ],
                [
                    0,
                    0,
                    0,
                    1
                ]
            ]
        },
        {
            "file_path": "train/037.png",
            "transform_matrix": [
                [
                    -0.8107233643531799,
                    0.02437174879014492,
                    -0.5849219560623169,
                    -3.5125770568847656
                ],
                [
                    -0.5854294896125793,
                    -0.033750828355550766,
                    0.8100205063819885,
                    4.864340305328369
                ],
                [
                    1.796830417788442e-08,
                    0.9991330504417419,
                    0.041630517691373825,
                    0.25
                ],
                [
                    0,
                    0,
                    0,
                    1
                ]
            ]
        },
        {
            "file_path": "train/038.png",
            "transform_matrix": [
                [
                    -0.7470250129699707,
                    0.027675811201334,
                    -0.6642195582389832,
                    -3.9887757301330566
                ],
                [
                    -0.6647958755493164,
                    -0.03109905496239662,
                    0.7463774085044861,
                    4.482150077819824
                ],
                [
                    -9.39202493555058e-09,
                    0.9991330504417419,
                    0.04163055866956711,
                    0.25
                ],
                [
                    0,
                    0,
                    0,
                    1
                ]
            ]
        },
        {
            "file_path": "train/039.png",
            "transform_matrix": [
                [
                    -0.6755903363227844,
                    0.030693160369992256,
                    -0.7366381287574768,
                    -4.42366361618042
                ],
                [
                    -0.7372772693634033,
                    -0.028125127777457237,
                    0.6750046014785767,
                    4.053541660308838
                ],
                [
                    1.7024746057359152e-09,
                    0.9991331100463867,
                    0.04163039103150368,
                    0.25
                ],
                [
                    0,
                    0,
                    0,
                    1
                ]
            ]
        },
        {
            "file_path": "train/040.png",
            "transform_matrix": [
                [
                    -0.5971585512161255,
                    0.033392827957868576,
                    -0.8014278411865234,
                    -4.812739372253418
                ],
                [
                    -0.8021232485771179,
                    -0.02485998533666134,
                    0.5966408252716064,
                    3.582951545715332
                ],
                [
                    3.6784918222565466e-08,
                    0.9991330504417419,
                    0.04163052886724472,
                    0.25
                ],
                [
                    0,
                    0,
                    0,
                    1
                ]
            ]
        },
        {
            "file_path": "train/041.png",
            "transform_matrix": [
                [
                    -0.5125423669815063,
                    0.03574657067656517,
                    -0.8579174876213074,
                    -5.151971340179443
                ],
                [
                    -0.8586618304252625,
                    -0.02133738435804844,
                    0.5120980739593506,
                    3.0752549171447754
                ],
                [
                    -5.470230490800532e-09,
                    0.9991330504417419,
                    0.04163060709834099,
                    0.25
                ],
                [
                    0,
                    0,
                    0,
                    1
                ]
            ]
        },
        {
            "file_path": "train/042.png",
            "transform_matrix": [
                [
                    -0.4226182997226715,
                    0.03773009032011032,
                    -0.9055221676826477,
                    -5.437847137451172
                ],
                [
                    -0.9063078761100769,
                    -0.0175938680768013,
                    0.4222518503665924,
                    2.5357091426849365
                ],
                [
                    1.9387190519637443e-08,
                    0.9991331100463867,
                    0.04163047671318054,
                    0.25
                ],
                [
                    0,
                    0,
                    0,
                    1
                ]
            ]
        },
        {
            "file_path": "train/043.png",
            "transform_matrix": [
                [
                    -0.3283170759677887,
                    0.039322879165410995,
                    -0.9437487721443176,
                    -5.667405128479004
                ],
                [
                    -0.9445676207542419,
                    -0.013668034225702286,
                    0.32803240418434143,
                    1.9699020385742188
                ],
                [
                    3.472811727078806e-08,
                    0.9991331100463867,
                    0.04163050279021263,
                    0.25
                ],
                [
                    0,
                    0,
                    0,
                    1
                ]
            ]
        },
        {
            "file_path": "train/044.png",
            "transform_matrix": [
                [
                    -0.23061570525169373,
                    0.04050843045115471,
                    -0.972201406955719,
                    -5.8382697105407715
                ],
                [
                    -0.9730449318885803,
                    -0.00960063748061657,
                    0.23041574656963348,
                    1.3836939334869385
                ],
                [
                    6.203909208579717e-08,
                    0.9991331100463867,
                    0.04163053631782532,
                    0.25
                ],
                [
                    0,
                    0,
                    0,
                    1
                ]
            ]
        },
        {
            "file_path": "train/045.png",
            "transform_matrix": [
                [
                    -0.13052651286125183,
                    0.04127434268593788,
                    -0.9905853867530823,
                    -5.948668956756592
                ],
                [
                    -0.9914448857307434,
                    -0.005433940328657627,
                    0.13041329383850098,
                    0.7831583619117737
                ],
                [
                    -5.680412584752048e-09,
                    0.9991331100463867,
                    0.041630443185567856,
                    0.25
                ],
                [
                    0,
                    0,
                    0,
                    1
                ]
            ]
        },
        {
            "file_path": "train/046.png",
            "transform_matrix": [
                [
                    -0.02908489480614662,
                    0.04161304235458374,
                    -0.9987104535102844,
                    -5.997461318969727
                ],
                [
                    -0.9995770454406738,
                    -0.0012108797673135996,
                    0.029059598222374916,
                    0.17450915277004242
                ],
                [
                    2.193777959291765e-08,
                    0.9991331696510315,
                    0.0416305735707283,
                    0.25
                ],
                [
                    0,
                    0,
                    0,
                    1
                ]
            ]
        },
        {
            "file_path": "train/047.png",
            "transform_matrix": [
                [
                    0.07265792787075043,
                    0.041520580649375916,
                    -0.9964922666549683,
                    -5.984141826629639
                ],
                [
                    -0.9973568916320801,
                    0.003024823497980833,
                    -0.07259493321180344,
                    -0.43594735860824585
                ],
                [
                    2.3892447131856898e-08,
                    0.9991330504417419,
                    0.04163062199950218,
                    0.25
                ],
                [
                    0,
                    0,
                    0,
                    1
                ]
            ]
        },
        {
            "file_path": "train/048.png",
            "transform_matrix": [
                [
                    0.17364808917045593,
                    0.04099798575043678,
                    -0.9839540719985962,
                    -5.908846378326416
                ],
                [
                    -0.9848078489303589,
                    0.007228955626487732,
                    -0.17349761724472046,
                    -1.041888952255249
                ],
                [
                    -2.950069344365147e-08,
                    0.9991331696510315,
