{
    "camera_angle_x": 0.6461483836174011,
    "frames": [
        {
            "file_path": "train/000.png",
            "transform_matrix": [
                [
                    1.0,
                    0.0,
                    0.0,
                    0.0
                ],
                [
                    0.0,
                    0.4472135305404663,
                    -0.8944272994995117,
                    -8.0
                ],
                [
                    0.0,
                    0.8944272994995117,
                    0.4472135305404663,
                    4.0
                ],
                [
                    0,
                    0,
                    0,
                    1
                ]
            ]
        },
        {
            "file_path": "train/001.png",
            "transform_matrix": [
                [
                    0.9948217272758484,
                    -0.04545259475708008,
                    0.09090518206357956,
                    0.8130806088447571
                ],
                [
                    0.10163508355617523,
                    0.44489777088165283,
                    -0.8897956609725952,
                    -7.958573818206787
                ],
                [
                    8.096941783719558e-09,
                    0.8944272398948669,
                    0.4472135305404663,
                    4.0
                ],
                [
                    0,
                    0,
                    0,
                    1
                ]
            ]
        },
        {
            "file_path": "train/002.png",
            "transform_matrix": [
                [
                    0.9793406128883362,
                    -0.09043444693088531,
                    0.18086892366409302,
                    1.617740511894226
                ],
                [
                    0.20221759378910065,
                    0.4379742741584778,
                    -0.8759490251541138,
                    -7.8347249031066895
                ],
                [
                    9.249816024237134e-09,
                    0.8944273591041565,
                    0.44721344113349915,
                    4.0
                ],
                [
                    0,
                    0,
                    0,
                    1
                ]
            ]
        },
        {
            "file_path": "train/003.png",
            "transform_matrix": [
                [
                    0.9537169337272644,
                    -0.13447974622249603,
                    0.2689594626426697,
                    2.405646324157715
                ],
                [
                    0.30070582032203674,
                    0.42651522159576416,
                    -0.8530303835868835,
                    -7.629735469818115
                ],
                [
                    -1.2216302636147702e-08,
                    0.8944272398948669,
                    0.44721364974975586,
                    4.0
                ],
                [
                    0,
                    0,
                    0,
                    1
                ]
            ]
        },
        {
            "file_path": "train/004.png",
            "transform_matrix": [
                [
                    0.9182161092758179,
                    -0.17713230848312378,
                    0.3542645573616028,
                    3.168638229370117
                ],
                [
                    0.39607980847358704,
                    0.4106387794017792,
                    -0.8212774991989136,
                    -7.345728874206543
                ],
                [
                    -9.253021460153832e-09,
                    0.8944272398948669,
                    0.44721364974975586,
                    4.0
                ],
                [
                    0,
                    0,
                    0,
                    1
                ]
            ]
        },
        {
            "file_path": "train/005.png",
            "transform_matrix": [
                [
                    0.8732057809829712,
                    -0.21795031428337097,
                    0.43590062856674194,
                    3.8988137245178223
                ],
                [
                    0.48735174536705017,
                    0.39050933718681335,
                    -0.7810190916061401,
                    -6.9856462478637695
                ],
                [
                    5.2749484780179046e-08,
                    0.8944272994995117,
                    0.44721347093582153,
                    4.0
                ],
                [
                    0,
                    0,
                    0,
                    1
                ]
            ]
        },
        {
            "file_path": "train/006.png",
            "transform_matrix": [
                [
                    0.8191520571708679,
                    -0.2565111815929413,
                    0.5130223631858826,
                    4.588611602783203
                ],
                [
                    0.5735764503479004,
                    0.366335928440094,
                    -0.7326719164848328,
                    -6.553216457366943
                ],
                [
                    -1.5627460214773237e-08,
                    0.8944272398948669,
                    0.4472135603427887,
                    4.0
                ],
                [
                    0,
                    0,
                    0,
                    1
                ]
            ]
        },
        {
            "file_path": "train/007.png",
            "transform_matrix": [
                [
                    0.7566148042678833,
                    -0.29241544008255005,
                    0.5848309397697449,
                    5.230886936187744
                ],
                [
                    0.653860867023468,
                    0.3383684456348419,
                    -0.6767368912696838,
                    -6.052918434143066
                ],
                [
                    -4.06006002151571e-08,
                    0.8944272398948669,
                    0.4472135603427887,
                    4.0
                ],
                [
                    0,
                    0,
                    0,
                    1
                ]
            ]
        },
        {
            "file_path": "train/008.png",
            "transform_matrix": [
                [
                    0.686241626739502,
                    -0.32529139518737793,
                    0.6505827903747559,
                    5.818989276885986
                ],
                [
                    0.7273736596107483,
                    0.3068965971469879,
                    -0.6137931942939758,
                    -5.489933013916016
                ],
                [
                    -4.1972121778144356e-08,
                    0.8944272398948669,
                    0.4472135901451111,
                    4.0
                ],
                [
                    0,
                    0,
                    0,
                    1
                ]
            ]
        },
        {
            "file_path": "train/009.png",
            "transform_matrix": [
                [
                    0.6087614893913269,
                    -0.35479840636253357,
                    0.7095966935157776,
                    6.346826553344727
                ],
                [
                    0.793353259563446,
                    0.27224650979042053,
                    -0.544492781162262,
                    -4.870091438293457
                ],
                [
                    -5.082887710727846e-08,
                    0.8944271206855774,
                    0.44721367955207825,
                    4.0
                ],
                [
                    0,
                    0,
                    0,
                    1
                ]
            ]
        },
        {
            "file_path": "train/010.png",
            "transform_matrix": [
                [
                    0.5249766111373901,
                    -0.3806309103965759,
                    0.7612619400024414,
                    6.808933258056641
                ],
                [
                    0.8511167168617249,
                    0.23477664589881897,
                    -0.4695533812046051,
                    -4.199812889099121
                ],
                [
                    -3.637159196046014e-08,
                    0.8944272398948669,
                    0.4472135305404663,
                    4.0
                ],
                [
                    0,
                    0,
                    0,
                    1
                ]
            ]
        },
        {
            "file_path": "train/011.png",
            "transform_matrix": [
                [
                    0.43575459718704224,
                    -0.4025214910507202,
                    0.8050431609153748,
                    7.200523376464844
                ],
                [
                    0.9000656008720398,
                    0.19487519562244415,
                    -0.3897509276866913,
                    -3.4860379695892334
                ],
                [
                    7.190967465930953e-08,
                    0.8944273591041565,
                    0.44721341133117676,
                    4.0
                ],
                [
                    0,
                    0,
                    0,
                    1
                ]
            ]
        },
        {
            "file_path": "train/012.png",
            "transform_matrix": [
                [
                    0.34202009439468384,
                    -0.4202433228492737,
                    0.8404866456985474,
                    7.51754093170166
                ],
                [
                    0.9396926760673523,
                    0.1529560089111328,
                    -0.3059120774269104,
                    -2.736161231994629
                ],
                [
                    1.6193050456081437e-08,
                    0.8944272398948669,
                    0.4472135603427887,
                    4.0
                ],
                [
                    0,
                    0,
                    0,
                    1
                ]
            ]
        },
        {
            "file_path": "train/013.png",
            "transform_matrix": [
                [
                    0.24474315345287323,
                    -0.4336129426956177,
                    0.8672258853912354,
                    7.7567033767700195
                ],
                [
                    0.969588041305542,
                    0.10945240408182144,
                    -0.2189050018787384,
                    -1.9579463005065918
                ],
                [
                    1.1391847465347382e-08,
                    0.8944272994995117,
                    0.4472135305404663,
                    4.0
                ],
                [
                    0,
                    0,
                    0,
                    1
                ]
            ]
        },
        {
            "file_path": "train/014.png",
            "transform_matrix": [
                [
                    0.14493195712566376,
                    -0.44249171018600464,
                    0.884983479976654,
                    7.915533065795898
                ],
                [
                    0.9894416332244873,
                    0.06481564790010452,
                    -0.12963102757930756,
                    -1.1594549417495728
                ],
                [
                    -1.0988556198299193e-07,
                    0.8944271802902222,
                    0.4472135901451111,
                    4.0
                ],
                [
                    0,
                    0,
                    0,
                    1
                ]
            ]
        },
        {
            "file_path": "train/015.png",
            "transform_matrix": [
                [
                    0.04361937195062637,
                    -0.44678795337677,
                    0.89357590675354,
                    7.9923858642578125
                ],
                [
                    0.9990482330322266,
                    0.019507156684994698,
                    -0.03901435807347298,
                    -0.3489546775817871
                ],
                [
                    2.3045725328074695e-08,
                    0.8944271802902222,
                    0.44721361994743347,
                    4.0
                ],
                [
                    0,
                    0,
                    0,
                    1
                ]
            ]
        },
        {
            "file_path": "train/016.png",
            "transform_matrix": [
                [
                    -0.05814483389258385,
                    -0.4464570879936218,
                    0.8929140567779541,
                    7.9864654541015625
                ],
                [
                    0.9983083009719849,
                    -0.026003187522292137,
                    0.052006229758262634,
                    0.4651585817337036
                ],
                [
                    -4.846370060818117e-08,
                    0.8944272994995117,
                    0.4472135603427887,
                    4.0
                ],
                [
                    0,
                    0,
                    0,
                    1
                ]
            ]
        },
        {
            "file_path": "train/017.png",
            "transform_matrix": [
                [
                    -0.15930695831775665,
                    -0.44150224328041077,
                    0.8830046057701111,
                    7.897832870483398
                ],
                [
                    0.9872291684150696,
                    -0.07124427706003189,
                    0.14248842000961304,
                    1.2744553089141846
                ],
                [
                    2.734496007406051e-08,
                    0.8944272398948669,
                    0.4472135007381439,
                    4.0
                ],
                [
                    0,
                    0,
                    0,
                    1
                ]
            ]
        },
        {
            "file_path": "train/018.png",
            "transform_matrix": [
                [
                    -0.2588191330432892,
                    -0.43197524547576904,
                    0.8639504909515381,
                    7.7274065017700195
                ],
                [
                    0.9659259915351868,
                    -0.11574746668338776,
                    0.23149476945400238,
                    2.070552349090576
                ],
                [
                    -6.123788409695408e-08,
                    0.8944272994995117,
                    0.4472135007381439,
                    4.0
                ],
                [
                    0,
                    0,
                    0,
                    1
                ]
            ]
        },
        {
            "file_path": "train/019.png",
            "transform_matrix": [
                [
                    -0.3556508719921112,
                    -0.4179743230342865,
                    0.835948646068573,
                    7.4769511222839355
                ],
                [
                    0.9346190094947815,
                    -0.15905191004276276,
                    0.31810376048088074,
                    2.8452064990997314
                ],
                [
                    -3.655063451901697e-08,
                    0.8944272398948669,
                    0.4472135305404663,
                    4.0
                ],
                [
                    0,
                    0,
                    0,
                    1
                ]
            ]
        },
        {
            "file_path": "train/020.png",
            "transform_matrix": [
                [
                    -0.448799192905426,
                    -0.3996447026729584,
                    0.7992894053459167,
                    7.14906120300293
                ],
                [
                    0.893632709980011,
                    -0.20070908963680267,
                    0.40141817927360535,
                    3.590393304824829
                ],
                [
                    -4.223304017614282e-08,
                    0.8944272398948669,
                    0.4472135305404663,
                    4.0
                ],
                [
                    0,
                    0,
                    0,
                    1
                ]
            ]
        },
        {
            "file_path": "train/021.png",
            "transform_matrix": [
                [
                    -0.537299633026123,
                    -0.3771761655807495,
                    0.7543522715568542,
                    6.74713134765625
                ],
                [
                    0.8433915376663208,
                    -0.24028773605823517,
                    0.4805753827095032,
                    4.298397064208984
                ],
                [
                    -2.0789194365988806e-08,
                    0.8944272398948669,
                    0.4472135603427887,
                    4.0
                ],
                [
                    0,
                    0,
                    0,
                    1
                ]
            ]
        },
        {
            "file_path": "train/022.png",
            "transform_matrix": [
                [
                    -0.6202356815338135,
                    -0.35080134868621826,
                    0.701602578163147,
                    6.275324821472168
                ],
                [
                    0.784415602684021,
                    -0.2773779630661011,
                    0.5547555685043335,
                    4.961884498596191
                ],
                [
                    6.449980816114476e-08,
                    0.8944271802902222,
                    0.44721367955207825,
                    4.0
                ],
                [
                    0,
                    0,
                    0,
                    1
                ]
            ]
        },
        {
            "file_path": "train/023.png",
            "transform_matrix": [
                [
                    -0.6967479586601257,
                    -0.3207935392856598,
                    0.6415870785713196,
                    5.738529205322266
                ],
                [
                    0.7173161506652832,
                    -0.31159520149230957,
                    0.6231902241706848,
                    5.5739827156066895
                ],
                [
                    7.031157878145677e-09,
                    0.8944272398948669,
                    0.4472135603427887,
                    4.0
                ],
                [
                    0,
                    0,
                    0,
                    1
                ]
            ]
        },
        {
            "file_path": "train/024.png",
            "transform_matrix": [
                [
                    -0.7660444974899292,
                    -0.28746333718299866,
                    0.5749267339706421,
                    5.142301082611084
                ],
                [
                    0.6427875757217407,
                    -0.34258559346199036,
                    0.6851709485054016,
                    6.128355503082275
                ],
                [
                    7.191143680529422e-08,
                    0.8944271802902222,
                    0.44721364974975586,
                    4.0
                ],
                [
                    0,
                    0,
                    0,
                    1
                ]
            ]
        },
        {
            "file_path": "train/025.png",
            "transform_matrix": [
                [
                    -0.8274076581001282,
                    -0.2511560618877411,
                    0.502312183380127,
                    4.49281644821167
                ],
                [
                    0.5616021156311035,
                    -0.370028018951416,
                    0.7400558590888977,
                    6.619259834289551
                ],
                [
                    3.001552784098749e-08,
                    0.8944272994995117,
                    0.4472135305404663,
                    4.0
                ],
                [
                    0,
                    0,
                    0,
                    1
                ]
            ]
        },
        {
            "file_path": "train/026.png",
            "transform_matrix": [
                [
                    -0.8802014589309692,
                    -0.21224772930145264,
                    0.4244953691959381,
                    3.796802282333374
                ],
                [
                    0.47460028529167175,
                    -0.39363810420036316,
                    0.7872760891914368,
                    7.041611671447754
                ],
                [
                    7.347908947963333e-09,
                    0.8944271802902222,
                    0.44721367955207825,
                    4.0
                ],
                [
                    0,
                    0,
                    0,
                    1
                ]
            ]
        },
        {
            "file_path": "train/027.png",
            "transform_matrix": [
                [
                    -0.9238796830177307,
                    -0.17114128172397614,
                    0.3422825336456299,
                    3.0614678859710693
                ],
                [
                    0.38268351554870605,
                    -0.41317158937454224,
                    0.8263429999351501,
                    7.391036033630371
                ],
                [
                    -2.02644372393479e-08,
                    0.8944272398948669,
                    0.4472135603427887,
                    4.0
                ],
                [
                    0,
                    0,
                    0,
                    1
                ]
            ]
        },
        {
            "file_path": "train/028.png",
            "transform_matrix": [
                [
                    -0.9579895734786987,
                    -0.12826231122016907,
                    0.2565246522426605,
                    2.2944259643554688
                ],
                [
                    0.286803275346756,
                    -0.4284259080886841,
                    0.8568519353866577,
                    7.663916110992432
                ],
                [
                    -1.2118255732218586e-08,
                    0.8944272398948669,
                    0.4472135305404663,
                    4.0
                ],
                [
                    0,
                    0,
                    0,
                    1
                ]
            ]
        },
        {
            "file_path": "train/029.png",
            "transform_matrix": [
                [
                    -0.9821783304214478,
                    -0.08405500650405884,
                    0.16811004281044006,
                    1.5036216974258423
                ],
                [
                    0.18795272707939148,
                    -0.43924349546432495,
                    0.8784869313240051,
                    7.857424736022949
                ],
                [
                    -5.07406117122855e-09,
                    0.8944273591041565,
                    0.44721344113349915,
                    4.0
                ],
                [
                    0,
                    0,
                    0,
                    1
                ]
            ]
        },
        {
            "file_path": "train/030.png",
            "transform_matrix": [
                [
                    -0.9961947798728943,
                    -0.03897717595100403,
                    0.07795437425374985,
                    0.6972451210021973
                ],
                [
                    0.08715564012527466,
                    -0.4455118179321289,
                    0.8910236954689026,
                    7.969557762145996
                ],
                [
                    7.592777961917818e-09,
                    0.8944272398948669,
                    0.4472135305404663,
                    4.0
                ],
                [
                    0,
                    0,
                    0,
                    1
                ]
            ]
        },
        {
            "file_path": "train/031.png",
            "transform_matrix": [
                [
                    -0.9998943209648132,
                    0.006504194810986519,
                    -0.013008391484618187,
                    -0.11635058373212814
                ],
                [
                    -0.014543823897838593,
                    -0.4471662938594818,
                    0.8943326473236084,
                    7.999154090881348
                ],
                [
                    3.7817737830181386e-10,
                    0.8944272994995117,
                    0.4472135007381439,
                    4.0
                ],
                [
                    0,
                    0,
                    0,
                    1
                ]
            ]
        },
        {
            "file_path": "train/032.png",
            "transform_matrix": [
                [
                    -0.9932385683059692,
                    0.05191832035779953,
                    -0.10383664816617966,
                    -0.9287431836128235
                ],
                [
                    -0.11609289795160294,
                    -0.4441898763179779,
                    0.8883794546127319,
                    7.945906639099121
                ],
                [
                    -6.046623646227545e-09,
                    0.8944272398948669,
                    0.4472135901451111,
                    4.0
                ],
                [
                    0,
                    0,
                    0,
                    1
                ]
            ]
        },
        {
            "file_path": "train/033.png",
            "transform_matrix": [
                [
                    -0.9762962460517883,
                    0.09679476916790009,
                    -0.19358952343463898,
                    -1.7315171957015991
                ],
                [
                    -0.21643966436386108,
                    -0.4366130232810974,
                    0.8732258081436157,
                    7.810368061065674
                ],
                [
                    4.168839495832799e-09,
                    0.8944272994995117,
                    0.4472135305404663,
                    4.0
                ],
                [
                    0,
                    0,
                    0,
                    1
                ]
            ]
        },
        {
            "file_path": "train/034.png",
            "transform_matrix": [
                [
                    -0.9492425918579102,
                    0.14066873490810394,
                    -0.2813374698162079,
                    -2.5163588523864746
                ],
                [
                    -0.3145448565483093,
                    -0.4245142340660095,
                    0.8490284085273743,
                    7.593940734863281
                ],
                [
                    -5.250122114830447e-09,
                    0.8944271802902222,
                    0.44721361994743347,
                    4.0
                ],
                [
                    0,
                    0,
                    0,
                    1
                ]
            ]
        },
        {
            "file_path": "train/035.png",
            "transform_matrix": [
                [
                    -0.9123585820198059,
                    0.18308579921722412,
                    -0.36617156863212585,
                    -3.2751379013061523
                ],
                [
                    -0.40939226746559143,
                    -0.4080192446708679,
                    0.8160382509231567,
                    7.298867702484131
                ],
                [
                    -8.024447772925214e-09,
                    0.8944271802902222,
                    0.44721364974975586,
                    4.0
                ],
                [
                    0,
                    0,
                    0,
                    1
                ]
            ]
        },
        {
            "file_path": "train/036.png",
            "transform_matrix": [
                [
                    -0.8660255670547485,
                    0.22360678017139435,
                    -0.44721364974975586,
                    -3.999999761581421
                ],
                [
                    -0.5000000596046448,
                    -0.3872983455657959,
                    0.7745967507362366,
                    6.928203105926514
                ],
                [
                    1.9764220482443307e-08,
                    0.8944272994995117,
                    0.44721344113349915,
                    4.0
                ],
                [
                    0,
                    0,
                    0,
                    1
                ]
            ]
        },
        {
            "file_path": "train/037.png",
            "transform_matrix": [
                [
                    -0.8107234835624695,
                    0.2618120312690735,
                    -0.5236241221427917,
                    -4.683435916900635
                ],
                [
                    -0.5854295492172241,
                    -0.3625665605068207,
                    0.7251330614089966,
                    6.4857869148254395
                ],
                [
                    1.5558741850441038e-08,
                    0.8944272994995117,
                    0.4472135007381439,
                    4.0
                ],
                [
                    0,
                    0,
                    0,
                    1
                ]
            ]
        },
        {
            "file_path": "train/038.png",
            "transform_matrix": [
                [
                    -0.7470250725746155,
                    0.29730573296546936,
                    -0.5946115255355835,
                    -5.3183674812316895
                ],
                [
                    -0.6647958755493164,
                    -0.3340798020362854,
                    0.668159544467926,
                    5.976200103759766
                ],
                [
                    -2.251184127999295e-08,
                    0.8944272398948669,
                    0.4472135901451111,
                    4.0
                ],
                [
                    0,
                    0,
                    0,
                    1
                ]
            ]
        },
        {
            "file_path": "train/039.png",
            "transform_matrix": [
                [
                    -0.6755903363227844,
                    0.32972046732902527,
                    -0.6594409346580505,
                    -5.898218154907227
                ],
                [
                    -0.7372773289680481,
                    -0.302133172750473,
                    0.604266345500946,
                    5.404722213745117
                ],
                [
                    3.3874385962917586e-08,
                    0.8944272398948669,
                    0.4472135305404663,
                    4.0
                ],
                [
                    0,
                    0,
                    0,
                    1
                ]
            ]
        },
        {
            "file_path": "train/040.png",
            "transform_matrix": [
                [
                    -0.5971586108207703,
                    0.3587203919887543,
                    -0.7174407839775085,
                    -6.416985511779785
                ],
                [
                    -0.8021231889724731,
                    -0.2670574188232422,
                    0.5341148972511292,
                    4.777268886566162
                ],
                [
                    1.6764017729542502e-08,
                    0.8944271802902222,
                    0.4472135901451111,
                    4.0
                ],
                [
                    0,
                    0,
                    0,
                    1
                ]
            ]
        },
        {
            "file_path": "train/041.png",
            "transform_matrix": [
                [
                    -0.5125424861907959,
                    0.38400524854660034,
                    -0.7680106163024902,
                    -6.869295120239258
                ],
                [
                    -0.858661949634552,
                    -0.22921591997146606,
                    0.4584319293498993,
                    4.100339889526367
                ],
                [
                    4.203404557756585e-08,
                    0.8944272398948669,
                    0.4472135007381439,
                    4.0
                ],
                [
                    0,
                    0,
                    0,
                    1
                ]
            ]
        },
        {
            "file_path": "train/042.png",
            "transform_matrix": [
                [
                    -0.42261824011802673,
                    0.4053131341934204,
                    -0.8106264472007751,
                    -7.250462532043457
                ],
                [
                    -0.9063078761100769,
                    -0.18900066614151,
                    0.37800121307373047,
                    3.3809454441070557
                ],
                [
                    -3.224645439559026e-08,
                    0.8944272398948669,
                    0.4472135007381439,
                    4.0
                ],
                [
                    0,
                    0,
                    0,
                    1
                ]
            ]
        },
        {
            "file_path": "train/043.png",
            "transform_matrix": [
                [
                    -0.3283170461654663,
                    0.42242348194122314,
                    -0.8448469638824463,
                    -7.556540489196777
                ],
                [
                    -0.9445676207542419,
                    -0.146827831864357,
                    0.293655663728714,
                    2.6265361309051514
                ],
                [
                    3.4852625674375304e-08,
                    0.8944272398948669,
                    0.4472135901451111,
                    4.0
                ],
                [
                    0,
                    0,
                    0,
                    1
                ]
            ]
        },
        {
            "file_path": "train/044.png",
            "transform_matrix": [
                [
                    -0.2306157350540161,
                    0.43515893816947937,
                    -0.8703180551528931,
                    -7.784359455108643
                ],
                [
                    -0.9730451107025146,
                    -0.10313448309898376,
                    0.20626887679100037,
                    1.8449252843856812
                ],
                [
                    8.37806837239441e-08,
                    0.8944273591041565,
                    0.44721341133117676,
                    4.0
                ],
                [
                    0,
                    0,
                    0,
                    1
                ]
            ]
        },
        {
            "file_path": "train/045.png",
            "transform_matrix": [
                [
                    -0.13052651286125183,
                    0.44338762760162354,
                    -0.8867752552032471,
                    -7.931558609008789
                ],
                [
                    -0.9914448857307434,
                    -0.0583733394742012,
                    0.11674637347459793,
                    1.0442111492156982
                ],
                [
                    -7.923287625999365e-08,
                    0.8944272398948669,
                    0.4472135603427887,
                    4.0
                ],
                [
                    0,
                    0,
                    0,
                    1
                ]
            ]
        },
        {
            "file_path": "train/046.png",
            "transform_matrix": [
                [
                    -0.02908484637737274,
                    0.4470244348049164,
                    -0.8940487504005432,
                    -7.996615409851074
                ],
                [
                    -0.9995769262313843,
                    -0.013007174246013165,
                    0.026014288887381554,
                    0.2326788753271103
                ],
                [
                    -6.616475900500518e-08,
                    0.8944271206855774,
                    0.44721367955207825,
                    4.0
                ],
                [
                    0,
                    0,
                    0,
                    1
                ]
            ]
        },
        {
            "file_path": "train/047.png",
            "transform_matrix": [
                [
                    0.07265768200159073,
                    0.4460316002368927,
                    -0.8920632600784302,
                    -7.978855609893799
                ],
                [
                    -0.9973570108413696,
                    0.03249334543943405,
                    -0.06498714536428452,
                    -0.5812631249427795
                ],
                [
                    -1.1829516921579852e-07,
                    0.8944272994995117,
                    0.4472135305404663,
                    4.0
                ],
                [
                    0,
                    0,
                    0,
                    1
                ]
            ]
        },
        {
            "file_path": "train/048.png",
            "transform_matrix": [
                [
                    0.17364799976348877,
                    0.44041943550109863,
                    -0.8808388710021973,
                    -7.878461837768555
                ],
                [
                    -0.9848078489303589,
                    0.07765771448612213,
                    -0.15531553328037262,
                    -1.3891851902008057
                ],
                [
                    -2.740854654348368e-09,
                    0.8944272398948669,
                    0.4472135603427887,
                    4.0
                ],
                [
                    0,
