[
    {
        "file_path": "/Users/yanghyeonseo/gitprojects/render_dataset/output/000.png",
        "extrinsic_matrix": [
            [
                1.0,
                -0.0,
                0.0,
                -0.0
            ],
            [
                -0.0,
                -4.371138828673793e-08,
                1.0,
                -1.0000004768371582
            ],
            [
                0.0,
                -1.0,
                -4.371138828673793e-08,
                -10.0
            ],
            [
                -0.0,
                0.0,
                -0.0,
                1.0
            ]
        ],
        "intrinsic_matrix": [
            [
                50.0,
                0.0,
                960.0
            ],
            [
                0.0,
                88.88888549804688,
                540.0
            ],
            [
                0.0,
                0.0,
                1.0
            ]
        ]
    },
    {
        "file_path": "/Users/yanghyeonseo/gitprojects/render_dataset/output/001.png",
        "extrinsic_matrix": [
            [
                0.9848077893257141,
                0.1736481934785843,
                0.0,
                1.1920930376163597e-07
            ],
            [
                7.59040386100196e-09,
                -4.304731504589654e-08,
                1.0,
                -1.0000004768371582
            ],
            [
                0.1736481934785843,
                -0.9848077893257141,
                -4.371138828673793e-08,
                -10.000000953674316
            ],
            [
                -0.0,
                0.0,
                -0.0,
                1.0
            ]
        ],
        "intrinsic_matrix": [
            [
                50.0,
                0.0,
                960.0
            ],
            [
                0.0,
                88.88888549804688,
                540.0
            ],
            [
                0.0,
                0.0,
                1.0
            ]
        ]
    },
    {
        "file_path": "/Users/yanghyeonseo/gitprojects/render_dataset/output/002.png",
        "extrinsic_matrix": [
            [
                0.9396926760673523,
                0.3420201539993286,
                0.0,
                -2.3841860752327193e-07
            ],
            [
                1.4950176208117227e-08,
                -4.107527118435428e-08,
                1.0,
                -1.0000005960464478
            ],
            [
                0.3420201539993286,
                -0.9396926760673523,
                -4.371139183945161e-08,
                -10.000000953674316
            ],
            [
                -0.0,
                0.0,
                -0.0,
                1.0
            ]
        ],
        "intrinsic_matrix": [
            [
                50.0,
                0.0,
                960.0
            ],
            [
                0.0,
                88.88888549804688,
                540.0
            ],
            [
                0.0,
                0.0,
                1.0
            ]
        ]
    },
    {
        "file_path": "/Users/yanghyeonseo/gitprojects/render_dataset/output/003.png",
        "extrinsic_matrix": [
            [
                0.8660253882408142,
                0.5,
                0.0,
                -1.7763568394002505e-15
            ],
            [
                2.1855694143368964e-08,
                -3.785517321830412e-08,
                1.0,
                -1.0000004768371582
            ],
            [
                0.5,
                -0.8660253882408142,
                -4.371138828673793e-08,
                -10.0
            ],
            [
                -0.0,
                0.0,
                -0.0,
                1.0
            ]
        ],
        "intrinsic_matrix": [
            [
                50.0,
                0.0,
                960.0
            ],
            [
                0.0,
                88.88888549804688,
                540.0
            ],
            [
                0.0,
                0.0,
                1.0
            ]
        ]
    },
    {
        "file_path": "/Users/yanghyeonseo/gitprojects/render_dataset/output/004.png",
        "extrinsic_matrix": [
            [
                0.7660444974899292,
                0.6427876353263855,
                0.0,
                -0.0
            ],
            [
                2.8097138837779312e-08,
                -3.348486998788758e-08,
                1.0,
                -1.0000005960464478
            ],
            [
                0.6427876353263855,
                -0.7660444974899292,
                -4.371139183945161e-08,
                -10.000000953674316
            ],
            [
                -0.0,
                0.0,
                -0.0,
                1.0
            ]
        ],
        "intrinsic_matrix": [
            [
                50.0,
                0.0,
                960.0
            ],
            [
                0.0,
                88.88888549804688,
                540.0
            ],
            [
                0.0,
                0.0,
                1.0
            ]
        ]
    },
    {
        "file_path": "/Users/yanghyeonseo/gitprojects/render_dataset/output/005.png",
        "extrinsic_matrix": [
            [
                0.6427876353263855,
                0.7660444378852844,
                0.0,
                -0.0
            ],
            [
                3.34848664351739e-08,
                -2.809714061413615e-08,
                1.0,
                -1.0000004768371582
            ],
            [
                0.7660444378852844,
                -0.6427876353263855,
                -4.371139183945161e-08,
                -10.0
            ],
            [
                -0.0,
                0.0,
                -0.0,
                1.0
            ]
        ],
        "intrinsic_matrix": [
            [
                50.0,
                0.0,
                960.0
            ],
            [
                0.0,
                88.88888549804688,
                540.0
            ],
            [
                0.0,
                0.0,
                1.0
            ]
        ]
    },
    {
        "file_path": "/Users/yanghyeonseo/gitprojects/render_dataset/output/006.png",
        "extrinsic_matrix": [
            [
                0.4999999701976776,
                0.866025447845459,
                1.7763568394002505e-15,
                -0.0
            ],
            [
                3.785517321830412e-08,
                -2.1855692367012125e-08,
                1.0,
                -1.0000004768371582
            ],
            [
                0.866025447845459,
                -0.4999999701976776,
                -4.371138828673793e-08,
                -10.0
            ],
            [
                -0.0,
                0.0,
                -0.0,
                1.0
            ]
        ],
        "intrinsic_matrix": [
            [
                50.0,
                0.0,
                960.0
            ],
            [
                0.0,
                88.88888549804688,
                540.0
            ],
            [
                0.0,
                0.0,
                1.0
            ]
        ]
    },
    {
        "file_path": "/Users/yanghyeonseo/gitprojects/render_dataset/output/007.png",
        "extrinsic_matrix": [
            [
                0.3420201539993286,
                0.9396926164627075,
                8.881784197001252e-16,
                2.384185791015625e-07
            ],
            [
                4.10752676316406e-08,
                -1.4950176208117227e-08,
                1.0,
                -1.0000004768371582
            ],
            [
                0.9396926164627075,
                -0.3420201539993286,
                -4.371138828673793e-08,
                -10.0
            ],
            [
                -0.0,
                0.0,
                -0.0,
                1.0
            ]
        ],
        "intrinsic_matrix": [
            [
                50.0,
                0.0,
                960.0
            ],
            [
                0.0,
                88.88888549804688,
                540.0
            ],
            [
                0.0,
                0.0,
                1.0
            ]
        ]
    },
    {
        "file_path": "/Users/yanghyeonseo/gitprojects/render_dataset/output/008.png",
        "extrinsic_matrix": [
            [
                0.17364823818206787,
                0.9848077893257141,
                0.0,
                -1.1920930376163597e-07
            ],
            [
                4.304731504589654e-08,
                -7.590405637358799e-09,
                1.0,
                -1.0000004768371582
            ],
            [
                0.9848077893257141,
                -0.17364823818206787,
                -4.371138828673793e-08,
                -10.000001907348633
            ],
            [
                -0.0,
                0.0,
                -0.0,
                1.0
            ]
        ],
        "intrinsic_matrix": [
            [
                50.0,
                0.0,
                960.0
            ],
            [
                0.0,
                88.88888549804688,
                540.0
            ],
            [
                0.0,
                0.0,
                1.0
            ]
        ]
    },
    {
        "file_path": "/Users/yanghyeonseo/gitprojects/render_dataset/output/009.png",
        "extrinsic_matrix": [
            [
                -4.371138828673793e-08,
                1.0,
                0.0,
                -0.0
            ],
            [
                4.371138828673793e-08,
                1.910685465164705e-15,
                1.0,
                -1.0000004768371582
            ],
            [
                1.0,
                4.371138828673793e-08,
                -4.371138828673793e-08,
                -10.0
            ],
            [
                -0.0,
                -0.0,
                -0.0,
                1.0
            ]
        ],
        "intrinsic_matrix": [
            [
                50.0,
                0.0,
                960.0
            ],
            [
                0.0,
                88.88888549804688,
                540.0
            ],
            [
                0.0,
                0.0,
                1.0
            ]
        ]
    },
    {
        "file_path": "/Users/yanghyeonseo/gitprojects/render_dataset/output/010.png",
        "extrinsic_matrix": [
            [
                -0.17364820837974548,
                0.9848077893257141,
                0.0,
                1.1920930376163597e-07
            ],
            [
                4.304731504589654e-08,
                7.59040474918038e-09,
                1.0,
                -1.0000004768371582
            ],
            [
                0.9848077893257141,
                0.17364820837974548,
                -4.371138828673793e-08,
                -10.000000953674316
            ],
            [
                -0.0,
                -0.0,
                -0.0,
                1.0
            ]
        ],
        "intrinsic_matrix": [
            [
                50.0,
                0.0,
                960.0
            ],
            [
                0.0,
                88.88888549804688,
                540.0
            ],
            [
                0.0,
                0.0,
                1.0
            ]
        ]
    },
    {
        "file_path": "/Users/yanghyeonseo/gitprojects/render_dataset/output/011.png",
        "extrinsic_matrix": [
            [
                -0.3420201539993286,
                0.9396926760673523,
                0.0,
                -2.3841860752327193e-07
            ],
            [
                4.107527118435428e-08,
                1.4950176208117227e-08,
                1.0,
                -1.0000005960464478
            ],
            [
                0.9396926760673523,
                0.3420201539993286,
                -4.371139183945161e-08,
                -10.000000953674316
            ],
            [
                -0.0,
                -0.0,
                -0.0,
                1.0
            ]
        ],
        "intrinsic_matrix": [
            [
                50.0,
                0.0,
                960.0
            ],
            [
                0.0,
                88.88888549804688,
                540.0
            ],
            [
                0.0,
                0.0,
                1.0
            ]
        ]
    },
    {
        "file_path": "/Users/yanghyeonseo/gitprojects/render_dataset/output/012.png",
        "extrinsic_matrix": [
            [
                -0.5000000596046448,
                0.8660253882408142,
                0.0,
                -1.7763568394002505e-15
            ],
            [
                3.785517321830412e-08,
                2.1855695919725804e-08,
                1.0,
                -1.0000004768371582
            ],
            [
                0.8660253882408142,
                0.5000000596046448,
                -4.371138828673793e-08,
                -10.0
            ],
            [
                -0.0,
                -0.0,
                -0.0,
                1.0
            ]
        ],
        "intrinsic_matrix": [
            [
                50.0,
                0.0,
                960.0
            ],
            [
                0.0,
                88.88888549804688,
                540.0
            ],
            [
                0.0,
                0.0,
                1.0
            ]
        ]
    },
    {
        "file_path": "/Users/yanghyeonseo/gitprojects/render_dataset/output/013.png",
        "extrinsic_matrix": [
            [
                -0.6427876353263855,
                0.7660444378852844,
                0.0,
                -0.0
            ],
            [
                3.34848664351739e-08,
                2.809714061413615e-08,
                1.0,
                -1.0000004768371582
            ],
            [
                0.7660444378852844,
                0.6427876353263855,
                -4.371139183945161e-08,
                -10.0
            ],
            [
                -0.0,
                -0.0,
                -0.0,
                1.0
            ]
        ],
        "intrinsic_matrix": [
            [
                50.0,
                0.0,
                960.0
            ],
            [
                0.0,
                88.88888549804688,
                540.0
            ],
            [
                0.0,
                0.0,
                1.0
            ]
        ]
    },
    {
        "file_path": "/Users/yanghyeonseo/gitprojects/render_dataset/output/014.png",
        "extrinsic_matrix": [
            [
                -0.7660444378852844,
                0.6427876353263855,
                0.0,
                -0.0
            ],
            [
                2.809714061413615e-08,
                3.34848664351739e-08,
                1.0,
                -1.0000004768371582
            ],
            [
                0.6427876353263855,
                0.7660444378852844,
                -4.371139183945161e-08,
                -10.0
            ],
            [
                -0.0,
                -0.0,
                -0.0,
                1.0
            ]
        ],
        "intrinsic_matrix": [
            [
                50.0,
                0.0,
                960.0
            ],
            [
                0.0,
                88.88888549804688,
                540.0
            ],
            [
                0.0,
                0.0,
                1.0
            ]
        ]
    },
    {
        "file_path": "/Users/yanghyeonseo/gitprojects/render_dataset/output/015.png",
        "extrinsic_matrix": [
            [
                -0.8660253882408142,
                0.5000000596046448,
                0.0,
                1.7763568394002505e-15
            ],
            [
                2.1855695919725804e-08,
                3.785517321830412e-08,
                1.0,
                -1.0000004768371582
            ],
            [
                0.5000000596046448,
                0.8660253882408142,
                -4.371138828673793e-08,
                -10.0
            ],
            [
                -0.0,
                -0.0,
                -0.0,
                1.0
            ]
        ],
        "intrinsic_matrix": [
            [
                50.0,
                0.0,
                960.0
            ],
            [
                0.0,
                88.88888549804688,
                540.0
            ],
            [
                0.0,
                0.0,
                1.0
            ]
        ]
    },
    {
        "file_path": "/Users/yanghyeonseo/gitprojects/render_dataset/output/016.png",
        "extrinsic_matrix": [
            [
                -0.9396926164627075,
                0.3420202136039734,
                0.0,
                -0.0
            ],
            [
                1.4950177984474067e-08,
                4.10752676316406e-08,
                1.0,
                -1.0000004768371582
            ],
            [
                0.3420202136039734,
                0.9396926164627075,
                -4.371139183945161e-08,
                -10.0
            ],
            [
                -0.0,
                -0.0,
                -0.0,
                1.0
            ]
        ],
        "intrinsic_matrix": [
            [
                50.0,
                0.0,
                960.0
            ],
            [
                0.0,
                88.88888549804688,
                540.0
            ],
            [
                0.0,
                0.0,
                1.0
            ]
        ]
    },
    {
        "file_path": "/Users/yanghyeonseo/gitprojects/render_dataset/output/017.png",
        "extrinsic_matrix": [
            [
                -0.9848077297210693,
                0.17364829778671265,
                0.0,
                -1.1920928955078125e-07
            ],
            [
                7.590408301894058e-09,
                4.304731149318286e-08,
                1.0,
                -1.0000003576278687
            ],
            [
                0.17364829778671265,
                0.9848077297210693,
                -4.371138473402425e-08,
                -10.000000953674316
            ],
            [
                -0.0,
                -0.0,
                -0.0,
                1.0
            ]
        ],
        "intrinsic_matrix": [
            [
                50.0,
                0.0,
                960.0
            ],
            [
                0.0,
                88.88888549804688,
                540.0
            ],
            [
                0.0,
                0.0,
                1.0
            ]
        ]
    },
    {
        "file_path": "/Users/yanghyeonseo/gitprojects/render_dataset/output/018.png",
        "extrinsic_matrix": [
            [
                -1.0,
                -8.742277657347586e-08,
                0.0,
                -0.0
            ],
            [
                -3.82137093032941e-15,
                4.371138828673793e-08,
                1.0,
                -1.0000004768371582
            ],
            [
                -8.742277657347586e-08,
                1.0,
                -4.371138828673793e-08,
                -10.0
            ],
            [
                0.0,
                0.0,
                -0.0,
                1.0
            ]
        ],
        "intrinsic_matrix": [
            [
                50.0,
                0.0,
                960.0
            ],
            [
                0.0,
                88.88888549804688,
                540.0
            ],
            [
                0.0,
                0.0,
                1.0
            ]
        ]
    },
    {
        "file_path": "/Users/yanghyeonseo/gitprojects/render_dataset/output/019.png",
        "extrinsic_matrix": [
            [
                -0.9848077893257141,
                -0.17364823818206787,
                0.0,
                1.1920930376163597e-07
            ],
            [
                -7.590405637358799e-09,
                4.304731504589654e-08,
                1.0,
                -1.0000004768371582
            ],
            [
                -0.17364823818206787,
                0.9848077893257141,
                -4.371138828673793e-08,
                -10.000001907348633
            ],
            [
                0.0,
                0.0,
                -0.0,
                1.0
            ]
        ],
        "intrinsic_matrix": [
            [
                50.0,
                0.0,
                960.0
            ],
            [
                0.0,
                88.88888549804688,
                540.0
            ],
            [
                0.0,
                0.0,
                1.0
            ]
        ]
    },
    {
        "file_path": "/Users/yanghyeonseo/gitprojects/render_dataset/output/020.png",
        "extrinsic_matrix": [
            [
                -0.9396926164627075,
                -0.3420201539993286,
                -8.881784197001252e-16,
                -2.384185791015625e-07
            ],
            [
                -1.4950176208117227e-08,
                4.10752676316406e-08,
                1.0,
                -1.0000004768371582
            ],
            [
                -0.3420201539993286,
                0.9396926164627075,
                -4.371138828673793e-08,
                -10.0
            ],
            [
                0.0,
                0.0,
                -0.0,
                1.0
            ]
        ],
        "intrinsic_matrix": [
            [
                50.0,
                0.0,
                960.0
            ],
            [
                0.0,
                88.88888549804688,
                540.0
            ],
            [
                0.0,
                0.0,
                1.0
            ]
        ]
    },
    {
        "file_path": "/Users/yanghyeonseo/gitprojects/render_dataset/output/021.png",
        "extrinsic_matrix": [
            [
                -0.8660253882408142,
                -0.4999999701976776,
                0.0,
                -4.76837158203125e-07
            ],
            [
                -2.1855692367012125e-08,
                3.785517321830412e-08,
                1.0,
                -1.0000003576278687
            ],
            [
                -0.4999999701976776,
                0.8660253882408142,
                -4.371138473402425e-08,
                -9.999999046325684
            ],
            [
                0.0,
                0.0,
                -0.0,
                1.0
            ]
        ],
        "intrinsic_matrix": [
            [
                50.0,
                0.0,
                960.0
            ],
            [
                0.0,
                88.88888549804688,
                540.0
            ],
            [
                0.0,
                0.0,
                1.0
            ]
        ]
    },
    {
        "file_path": "/Users/yanghyeonseo/gitprojects/render_dataset/output/022.png",
        "extrinsic_matrix": [
            [
                -0.7660444974899292,
                -0.6427875757217407,
                0.0,
                -1.7763568394002505e-15
            ],
            [
                -2.8097137061422472e-08,
                3.348486998788758e-08,
                1.0,
                -1.0000004768371582
            ],
            [
                -0.6427875757217407,
                0.7660444974899292,
                -4.371138828673793e-08,
                -10.0
            ],
            [
                0.0,
                0.0,
                -0.0,
                1.0
            ]
        ],
        "intrinsic_matrix": [
            [
                50.0,
                0.0,
                960.0
            ],
            [
                0.0,
                88.88888549804688,
                540.0
            ],
            [
                0.0,
                0.0,
                1.0
            ]
        ]
    },
    {
        "file_path": "/Users/yanghyeonseo/gitprojects/render_dataset/output/023.png",
        "extrinsic_matrix": [
            [
                -0.642787516117096,
                -0.766044557094574,
                1.7763568394002505e-15,
                -1.7763568394002505e-15
            ],
            [
                -3.348486998788758e-08,
                2.8097135285065633e-08,
                1.0,
                -1.0000004768371582
            ],
            [
                -0.766044557094574,
                0.642787516117096,
                -4.371138828673793e-08,
                -10.0
            ],
            [
                0.0,
                0.0,
                -0.0,
                1.0
            ]
        ],
        "intrinsic_matrix": [
            [
                50.0,
                0.0,
                960.0
            ],
            [
                0.0,
                88.88888549804688,
                540.0
            ],
            [
                0.0,
                0.0,
                1.0
            ]
        ]
    },
    {
        "file_path": "/Users/yanghyeonseo/gitprojects/render_dataset/output/024.png",
        "extrinsic_matrix": [
            [
                -0.49999991059303284,
                -0.866025447845459,
                1.7763568394002505e-15,
                -0.0
            ],
            [
                -3.785517321830412e-08,
                2.1855690590655286e-08,
                1.0,
                -1.0000003576278687
            ],
            [
                -0.866025447845459,
                0.49999991059303284,
                -4.371138828673793e-08,
                -10.0
            ],
            [
                0.0,
                0.0,
                -0.0,
                1.0
            ]
        ],
        "intrinsic_matrix": [
            [
                50.0,
                0.0,
                960.0
            ],
            [
                0.0,
                88.88888549804688,
                540.0
            ],
            [
                0.0,
                0.0,
                1.0
            ]
        ]
    },
    {
        "file_path": "/Users/yanghyeonseo/gitprojects/render_dataset/output/025.png",
        "extrinsic_matrix": [
            [
                -0.34202006459236145,
                -0.9396926760673523,
                8.881784197001252e-16,
                -8.881784197001252e-16
            ],
            [
                -4.107527118435428e-08,
                1.495017265540355e-08,
                1.0,
                -1.0000004768371582
            ],
            [
                -0.9396926760673523,
                0.34202006459236145,
                -4.371138828673793e-08,
                -10.0
            ],
            [
                0.0,
                0.0,
                -0.0,
                1.0
            ]
        ],
        "intrinsic_matrix": [
            [
                50.0,
                0.0,
                960.0
            ],
            [
                0.0,
                88.88888549804688,
                540.0
            ],
            [
                0.0,
                0.0,
                1.0
            ]
        ]
    },
    {
        "file_path": "/Users/yanghyeonseo/gitprojects/render_dataset/output/026.png",
        "extrinsic_matrix": [
            [
                -0.17364813387393951,
                -0.9848077893257141,
                0.0,
                -0.0
            ],
            [
                -4.304731504589654e-08,
                7.5904011964667e-09,
                1.0,
                -1.0000004768371582
            ],
            [
                -0.9848077893257141,
                0.17364813387393951,
                -4.371139183945161e-08,
                -10.0
            ],
            [
                0.0,
                0.0,
                -0.0,
                1.0
            ]
        ],
        "intrinsic_matrix": [
            [
                50.0,
                0.0,
                960.0
            ],
            [
                0.0,
                88.88888549804688,
                540.0
            ],
            [
                0.0,
                0.0,
                1.0
            ]
        ]
    },
    {
        "file_path": "/Users/yanghyeonseo/gitprojects/render_dataset/output/027.png",
        "extrinsic_matrix": [
            [
                1.1924880638503055e-08,
                -1.0,
                0.0,
                -0.0
            ],
            [
                -4.371138828673793e-08,
                -5.212530643119821e-16,
                1.0,
                -1.0000004768371582
            ],
            [
                -1.0,
                -1.1924880638503055e-08,
                -4.371138828673793e-08,
                -10.0
            ],
            [
                -0.0,
                0.0,
                -0.0,
                1.0
            ]
        ],
        "intrinsic_matrix": [
            [
                50.0,
                0.0,
                960.0
            ],
            [
                0.0,
                88.88888549804688,
                540.0
            ],
            [
                0.0,
                0.0,
                1.0
            ]
        ]
    },
    {
        "file_path": "/Users/yanghyeonseo/gitprojects/render_dataset/output/028.png",
        "extrinsic_matrix": [
            [
                0.1736481636762619,
                -0.9848077893257141,
                0.0,
                2.3841860752327193e-07
            ],
            [
                -4.304731504589654e-08,
                -7.59040297282354e-09,
                1.0,
                -1.0000004768371582
            ],
            [
                -0.9848077893257141,
                -0.1736481636762619,
                -4.371138828673793e-08,
                -10.000000953674316
            ],
            [
                -0.0,
                0.0,
                -0.0,
                1.0
            ]
        ],
        "intrinsic_matrix": [
            [
                50.0,
                0.0,
                960.0
            ],
            [
                0.0,
                88.88888549804688,
                540.0
            ],
            [
                0.0,
                0.0,
                1.0
            ]
        ]
    },
    {
        "file_path": "/Users/yanghyeonseo/gitprojects/render_dataset/output/029.png",
        "extrinsic_matrix": [
            [
                0.3420201241970062,
                -0.9396926760673523,
                0.0,
                -0.0
            ],
            [
                -4.107527118435428e-08,
                -1.4950174431760388e-08,
                1.0,
                -1.0000004768371582
            ],
            [
                -0.9396926760673523,
                -0.3420201241970062,
                -4.371139183945161e-08,
                -10.000000953674316
            ],
            [
                -0.0,
                0.0,
                -0.0,
                1.0
            ]
        ],
        "intrinsic_matrix": [
            [
                50.0,
                0.0,
                960.0
            ],
            [
                0.0,
                88.88888549804688,
                540.0
            ],
            [
                0.0,
                0.0,
                1.0
            ]
        ]
    },
    {
        "file_path": "/Users/yanghyeonseo/gitprojects/render_dataset/output/030.png",
        "extrinsic_matrix": [
            [
                0.49999991059303284,
                -0.866025447845459,
                -1.7763568394002505e-15,
                -0.0
            ],
            [
                -3.785517321830412e-08,
                -2.1855690590655286e-08,
                1.0,
                -1.0000003576278687
            ],
            [
                -0.866025447845459,
                -0.49999991059303284,
                -4.371138828673793e-08,
                -10.0
            ],
            [
                -0.0,
                0.0,
                -0.0,
                1.0
            ]
        ],
        "intrinsic_matrix": [
            [
                50.0,
                0.0,
                960.0
            ],
            [
                0.0,
                88.88888549804688,
                540.0
            ],
            [
                0.0,
                0.0,
                1.0
            ]
        ]
    },
    {
        "file_path": "/Users/yanghyeonseo/gitprojects/render_dataset/output/031.png",
        "extrinsic_matrix": [
            [
                0.642787516117096,
                -0.7660444974899292,
                0.0,
                -0.0
            ],
            [
                -3.348486998788758e-08,
                -2.8097135285065633e-08,
                1.0,
                -1.0000003576278687
            ],
            [
                -0.7660444974899292,
                -0.642787516117096,
                -4.371138828673793e-08,
                -10.0
            ],
            [
                -0.0,
                0.0,
                -0.0,
                1.0
            ]
        ],
        "intrinsic_matrix": [
            [
                50.0,
                0.0,
                960.0
            ],
            [
                0.0,
                88.88888549804688,
                540.0
            ],
            [
                0.0,
                0.0,
                1.0
            ]
        ]
    },
    {
        "file_path": "/Users/yanghyeonseo/gitprojects/render_dataset/output/032.png",
        "extrinsic_matrix": [
            [
                0.7660443186759949,
                -0.642787754535675,
                1.7763568394002505e-15,
                -4.76837158203125e-07
            ],
            [
                -2.809714594320667e-08,
                -3.348485932974654e-08,
                1.0,
                -1.0000004768371582
            ],
            [
                -0.642787754535675,
                -0.7660443186759949,
                -4.371138828673793e-08,
                -10.0
            ],
            [
                -0.0,
                0.0,
                -0.0,
                1.0
            ]
        ],
        "intrinsic_matrix": [
            [
                50.0,
                0.0,
                960.0
            ],
            [
                0.0,
                88.88888549804688,
                540.0
            ],
            [
                0.0,
                0.0,
                1.0
            ]
        ]
    },
    {
        "file_path": "/Users/yanghyeonseo/gitprojects/render_dataset/output/033.png",
        "extrinsic_matrix": [
            [
                0.8660253286361694,
                -0.5000001788139343,
                -1.7763568394002505e-15,
                1.7763568394002505e-15
            ],
            [
                -2.1855701248796322e-08,
                -3.785516966559044e-08,
                1.0,
                -1.0000004768371582
            ],
            [
                -0.5000001788139343,
                -0.8660253286361694,
                -4.371138828673793e-08,
                -10.000000953674316
            ],
            [
                -0.0,
                0.0,
                -0.0,
                1.0
            ]
        ],
        "intrinsic_matrix": [
            [
                50.0,
                0.0,
                960.0
            ],
            [
                0.0,
                88.88888549804688,
                540.0
            ],
            [
                0.0,
                0.0,
                1.0
            ]
        ]
    },
    {
        "file_path": "/Users/yanghyeonseo/gitprojects/render_dataset/output/034.png",
        "extrinsic_matrix": [
            [
                0.9396925568580627,
                -0.3420203626155853,
                -8.881784197001252e-16,
                -0.0
            ],
            [
                -1.4950185089901424e-08,
                -4.10752676316406e-08,
                1.0,
                -1.0000004768371582
            ],
            [
                -0.3420203626155853,
                -0.9396925568580627,
                -4.371139183945161e-08,
                -10.0
            ],
            [
                -0.0,
                0.0,
                -0.0,
                1.0
            ]
        ],
        "intrinsic_matrix": [
            [
                50.0,
                0.0,
                960.0
            ],
            [
                0.0,
                88.88888549804688,
                540.0
            ],
            [
                0.0,
                0.0,
                1.0
            ]
        ]
    },
    {
        "file_path": "/Users/yanghyeonseo/gitprojects/render_dataset/output/035.png",
        "extrinsic_matrix": [
            [
                0.9848077893257141,
                -0.17364796996116638,
                0.0,
                -8.881784197001252e-16
            ],
            [
                -7.590394091039343e-09,
                -4.304731504589654e-08,
                1.0,
                -1.0000003576278687
            ],
            [
                -0.17364796996116638,
                -0.9848077893257141,
                -4.371138828673793e-08,
                -10.0
            ],
            [
                -0.0,
                0.0,
                -0.0,
                1.0
            ]
        ],
        "intrinsic_matrix": [
            [
                50.0,
                0.0,
                960.0
            ],
            [
                0.0,
                88.88888549804688,
                540.0
            ],
            [
                0.0,
                0.0,
                1.0
            ]
        ]
    }
]