{
    "frames": [
        {
            "file_path": "/Users/yanghyeonseo/gitprojects/render_dataset/output/000.png",
            "transform_matrix": [
                [
                    -0.866025447845459,
                    0.020815275609493256,
                    -0.49956652522087097,
                    -2.999999761581421
                ],
                [
                    -0.5,
                    -0.0360531359910965,
                    0.8652746677398682,
                    5.196152210235596
                ],
                [
                    3.973610773755354e-09,
                    0.9991331100463867,
                    0.041630521416664124,
                    0.25
                ],
                [
                    0,
                    0,
                    0,
                    1
                ]
            ]
        },
        {
            "file_path": "/Users/yanghyeonseo/gitprojects/render_dataset/output/001.png",
            "transform_matrix": [
                [
                    -0.8480481505393982,
                    0.022060837596654892,
                    -0.5294598937034607,
                    -3.1795156002044678
                ],
                [
                    -0.5299193263053894,
                    -0.035304728895425797,
                    0.8473129272460938,
                    5.088288307189941
                ],
                [
                    7.322334738546488e-09,
                    0.9991331100463867,
                    0.041630521416664124,
                    0.25
                ],
                [
                    0,
                    0,
                    0,
                    1
                ]
            ]
        },
        {
            "file_path": "/Users/yanghyeonseo/gitprojects/render_dataset/output/002.png",
            "transform_matrix": [
                [
                    -0.8290375471115112,
                    0.023279424756765366,
                    -0.5587081909179688,
                    -3.3551578521728516
                ],
                [
                    -0.5591930150985718,
                    -0.0345132052898407,
                    0.8283188343048096,
                    4.974225044250488
                ],
                [
                    -1.8308449867276977e-08,
                    0.9991331100463867,
                    0.04163040593266487,
                    0.25
                ],
                [
                    0,
                    0,
                    0,
                    1
                ]
            ]
        },
        {
            "file_path": "/Users/yanghyeonseo/gitprojects/render_dataset/output/003.png",
            "transform_matrix": [
                [
                    -0.8090169429779053,
                    0.024469856172800064,
                    -0.5872758626937866,
                    -3.52671217918396
                ],
                [
                    -0.5877854228019714,
                    -0.03367976099252701,
                    0.8083155155181885,
                    4.854101657867432
                ],
                [
                    6.990210010826559e-08,
                    0.9991331100463867,
                    0.041630469262599945,
                    0.25
                ],
                [
                    0,
                    0,
                    0,
                    1
                ]
            ]
        },
        {
            "file_path": "/Users/yanghyeonseo/gitprojects/render_dataset/output/004.png",
            "transform_matrix": [
                [
                    -0.7880109548568726,
                    0.02563026361167431,
                    -0.615127682685852,
                    -3.6939682960510254
                ],
                [
                    -0.6156614422798157,
                    -0.032805316150188446,
                    0.787327766418457,
                    4.728065013885498
                ],
                [
                    9.795627420317032e-09,
                    0.9991331696510315,
                    0.04163036495447159,
                    0.25
                ],
                [
                    0,
                    0,
                    0,
                    1
                ]
            ]
        },
        {
            "file_path": "/Users/yanghyeonseo/gitprojects/render_dataset/output/005.png",
            "transform_matrix": [
                [
                    -0.7660444974899292,
                    0.026759587228298187,
                    -0.6422303915023804,
                    -3.8567254543304443
                ],
                [
                    -0.6427876353263855,
                    -0.031890857964754105,
                    0.7653803825378418,
                    4.596266746520996
                ],
                [
                    3.4941827209422627e-09,
                    0.9991331100463867,
                    0.041630495339632034,
                    0.25
                ],
                [
                    0,
                    0,
                    0,
                    1
                ]
            ]
        },
        {
            "file_path": "/Users/yanghyeonseo/gitprojects/render_dataset/output/006.png",
            "transform_matrix": [
                [
                    -0.7431448698043823,
                    0.02785629779100418,
                    -0.6685506105422974,
                    -4.01478385925293
                ],
                [
                    -0.6691306829452515,
                    -0.03093748353421688,
                    0.7425005435943604,
                    4.458868980407715
                ],
                [
                    8.016047559067374e-08,
                    0.9991331100463867,
                    0.04163043946027756,
                    0.25
                ],
                [
                    0,
                    0,
                    0,
                    1
                ]
            ]
        },
        {
            "file_path": "/Users/yanghyeonseo/gitprojects/render_dataset/output/007.png",
            "transform_matrix": [
                [
                    -0.7193397879600525,
                    0.02891903929412365,
                    -0.6940561532974243,
                    -4.167950630187988
                ],
                [
                    -0.6946583986282349,
                    -0.029946589842438698,
                    0.7187162041664124,
                    4.316038608551025
                ],
                [
                    -2.11020427798303e-08,
                    0.9991331100463867,
                    0.04163059592247009,
                    0.25
                ],
                [
                    0,
                    0,
                    0,
                    1
                ]
            ]
        },
        {
            "file_path": "/Users/yanghyeonseo/gitprojects/render_dataset/output/008.png",
            "transform_matrix": [
                [
                    -0.6946584582328796,
                    0.02994650974869728,
                    -0.7187162637710571,
                    -4.316039085388184
                ],
                [
                    -0.719339907169342,
                    -0.028918996453285217,
                    0.6940561532974243,
                    4.16795015335083
                ],
                [
                    5.3746884276506535e-08,
                    0.9991331696510315,
                    0.041630424559116364,
                    0.25
                ],
                [
                    0,
                    0,
                    0,
                    1
                ]
            ]
        },
        {
            "file_path": "/Users/yanghyeonseo/gitprojects/render_dataset/output/009.png",
            "transform_matrix": [
                [
                    -0.6691306233406067,
                    0.03093748912215233,
                    -0.7425007224082947,
                    -4.458868980407715
                ],
                [
                    -0.7431449890136719,
                    -0.02785618044435978,
                    0.6685504913330078,
                    4.014782905578613
                ],
                [
                    9.855788363211104e-08,
                    0.9991331696510315,
                    0.041630323976278305,
                    0.25
                ],
                [
                    0,
                    0,
                    0,
                    1
                ]
            ]
        },
        {
            "file_path": "/Users/yanghyeonseo/gitprojects/render_dataset/output/010.png",
            "transform_matrix": [
                [
                    -0.6427874565124512,
                    0.03189091011881828,
                    -0.7653804421424866,
                    -4.596267223358154
                ],
                [
                    -0.766044557094574,
                    -0.026759585365653038,
                    0.642230212688446,
                    3.8567252159118652
                ],
                [
                    3.950285432097189e-08,
                    0.9991330504417419,
                    0.041630592197179794,
                    0.25
                ],
                [
                    0,
                    0,
                    0,
                    1
                ]
            ]
        },
        {
            "file_path": "/Users/yanghyeonseo/gitprojects/render_dataset/output/011.png",
            "transform_matrix": [
                [
                    -0.6156615614891052,
                    0.032805319875478745,
                    -0.7873276472091675,
                    -4.72806453704834
                ],
                [
                    -0.788010835647583,
                    -0.025630289688706398,
                    0.6151278018951416,
                    3.6939690113067627
                ],
                [
                    8.115159744193079e-08,
                    0.9991331696510315,
                    0.04163041338324547,
                    0.25
                ],
                [
                    0,
                    0,
                    0,
                    1
                ]
            ]
        },
        {
            "file_path": "/Users/yanghyeonseo/gitprojects/render_dataset/output/012.png",
            "transform_matrix": [
                [
                    -0.5877850651741028,
                    0.03367987647652626,
                    -0.8083156943321228,
                    -4.854102611541748
                ],
                [
                    -0.8090170621871948,
                    -0.02446983940899372,
                    0.5872755646705627,
                    3.5267105102539062
                ],
                [
                    -7.148905467602162e-09,
                    0.9991330504417419,
                    0.04163064435124397,
                    0.25
                ],
                [
                    0,
                    0,
                    0,
                    1
                ]
            ]
        },
        {
            "file_path": "/Users/yanghyeonseo/gitprojects/render_dataset/output/013.png",
            "transform_matrix": [
                [
                    -0.559192955493927,
                    0.034513313323259354,
                    -0.8283188939094543,
                    -4.9742255210876465
                ],
                [
                    -0.829037606716156,
                    -0.02327948994934559,
                    0.558708131313324,
                    3.3551573753356934
                ],
                [
                    4.552331489549033e-08,
                    0.9991331100463867,
                    0.04163052514195442,
                    0.25
                ],
                [
                    0,
                    0,
                    0,
                    1
                ]
            ]
        },
        {
            "file_path": "/Users/yanghyeonseo/gitprojects/render_dataset/output/014.png",
            "transform_matrix": [
                [
                    -0.5299195051193237,
                    0.03530466929078102,
                    -0.847312867641449,
                    -5.088288307189941
                ],
                [
                    -0.8480480313301086,
                    -0.02206086367368698,
                    0.5294600129127502,
                    3.179516315460205
                ],
                [
                    2.699721335375216e-09,
                    0.9991331100463867,
                    0.04163045436143875,
                    0.25
                ],
                [
                    0,
                    0,
                    0,
                    1
                ]
            ]
        },
        {
            "file_path": "/Users/yanghyeonseo/gitprojects/render_dataset/output/015.png",
            "transform_matrix": [
                [
                    -0.4999999403953552,
                    0.03605310991406441,
                    -0.8652746677398682,
                    -5.196152687072754
                ],
                [
                    -0.866025447845459,
                    -0.020815294235944748,
                    0.4995664656162262,
                    2.999999523162842
                ],
                [
                    -3.862894004669215e-09,
                    0.9991331100463867,
                    0.04163052514195442,
                    0.25
                ],
                [
                    0,
                    0,
                    0,
                    1
                ]
            ]
        },
        {
            "file_path": "/Users/yanghyeonseo/gitprojects/render_dataset/output/016.png",
            "transform_matrix": [
                [
                    -0.46947163343429565,
                    0.036757539957761765,
                    -0.8821821808815002,
                    -5.297685623168945
                ],
                [
                    -0.8829476833343506,
                    -0.01954442262649536,
                    0.4690645635128021,
                    2.8168296813964844
                ],
                [
                    -3.0101340087185235e-08,
                    0.9991331100463867,
                    0.041630446910858154,
                    0.25
                ],
                [
                    0,
                    0,
                    0,
                    1
                ]
            ]
        },
        {
            "file_path": "/Users/yanghyeonseo/gitprojects/render_dataset/output/017.png",
            "transform_matrix": [
                [
                    -0.4383710026741028,
                    0.03741730377078056,
                    -0.8980149626731873,
                    -5.392764568328857
                ],
                [
                    -0.8987941741943359,
                    -0.018249686807394028,
                    0.4379909336566925,
                    2.630225896835327
                ],
                [
                    -3.2399960048223875e-08,
                    0.9991331100463867,
                    0.04163055494427681,
                    0.25
                ],
                [
                    0,
                    0,
                    0,
                    1
                ]
            ]
        },
        {
            "file_path": "/Users/yanghyeonseo/gitprojects/render_dataset/output/018.png",
            "transform_matrix": [
                [
                    -0.406736820936203,
                    0.03803131729364395,
                    -0.9127536416053772,
                    -5.4812726974487305
                ],
                [
                    -0.9135456085205078,
                    -0.016932746395468712,
                    0.40638405084609985,
                    2.440419912338257
                ],
                [
                    2.592333459006113e-08,
                    0.9991332292556763,
                    0.041630301624536514,
                    0.25
                ],
                [
                    0,
                    0,
                    0,
                    1
                ]
            ]
        },
        {
            "file_path": "/Users/yanghyeonseo/gitprojects/render_dataset/output/019.png",
            "transform_matrix": [
                [
                    -0.37460681796073914,
                    0.038599155843257904,
                    -0.9263800382614136,
                    -5.563102722167969
                ],
                [
                    -0.9271838665008545,
                    -0.015595076605677605,
                    0.37428200244903564,
                    2.247640609741211
                ],
                [
                    5.2351740720268936e-08,
                    0.9991331100463867,
                    0.04163045808672905,
                    0.25
                ],
                [
                    0,
                    0,
                    0,
                    1
                ]
            ]
        },
        {
            "file_path": "/Users/yanghyeonseo/gitprojects/render_dataset/output/020.png",
            "transform_matrix": [
                [
                    -0.342020183801651,
                    0.039119888097047806,
                    -0.9388781189918518,
                    -5.638155937194824
                ],
                [
                    -0.9396927356719971,
                    -0.014238457195460796,
                    0.34172359108924866,
                    2.0521204471588135
                ],
                [
                    1.0335471500866333e-07,
                    0.9991331696510315,
                    0.04163038358092308,
                    0.25
                ],
                [
                    0,
                    0,
                    0,
                    1
                ]
            ]
        },
        {
            "file_path": "/Users/yanghyeonseo/gitprojects/render_dataset/output/021.png",
            "transform_matrix": [
                [
                    -0.309017151594162,
                    0.03959301859140396,
                    -0.9502319693565369,
                    -5.706338882446289
                ],
                [
                    -0.9510564804077148,
                    -0.012864564545452595,
                    0.308749258518219,
                    1.854102611541748
                ],
                [
                    6.287727671860921e-09,
                    0.9991331100463867,
                    0.04163055121898651,
                    0.25
                ],
                [
                    0,
                    0,
                    0,
                    1
                ]
            ]
        },
        {
            "file_path": "/Users/yanghyeonseo/gitprojects/render_dataset/output/022.png",
            "transform_matrix": [
                [
                    -0.2756372094154358,
                    0.04001785069704056,
                    -0.9604284167289734,
                    -5.767570495605469
                ],
                [
                    -0.9612617492675781,
                    -0.011474966071546078,
                    0.27539825439453125,
                    1.6538232564926147
                ],
                [
                    -4.469790226835357e-08,
                    0.9991330504417419,
                    0.041630566120147705,
                    0.25
                ],
                [
                    0,
                    0,
                    0,
                    1
                ]
            ]
        },
        {
            "file_path": "/Users/yanghyeonseo/gitprojects/render_dataset/output/023.png",
            "transform_matrix": [
                [
                    -0.24192191660404205,
                    0.040393952280282974,
                    -0.9694545865058899,
                    -5.821774482727051
                ],
                [
                    -0.970295786857605,
                    -0.010071344673633575,
                    0.24171215295791626,
                    1.4515316486358643
                ],
                [
                    2.707644242150309e-08,
                    0.9991331100463867,
                    0.041630521416664124,
                    0.25
                ],
                [
                    0,
                    0,
                    0,
                    1
                ]
            ]
        },
        {
            "file_path": "/Users/yanghyeonseo/gitprojects/render_dataset/output/024.png",
            "transform_matrix": [
                [
                    -0.20791201293468475,
                    0.04072069749236107,
                    -0.9772996306419373,
                    -5.868885517120361
                ],
                [
                    -0.9781476259231567,
                    -0.00865553691983223,
                    0.207731693983078,
                    1.247471570968628
                ],
                [
                    2.1417960738290276e-09,
                    0.9991331696510315,
                    0.0416303426027298,
                    0.25
                ],
                [
                    0,
                    0,
                    0,
                    1
                ]
            ]
        },
        {
            "file_path": "/Users/yanghyeonseo/gitprojects/render_dataset/output/025.png",
            "transform_matrix": [
                [
                    -0.17364808917045593,
                    0.040998104959726334,
                    -0.9839540719985962,
                    -5.908846855163574
                ],
                [
                    -0.9848078489303589,
                    -0.007229084149003029,
                    0.1734974980354309,
                    1.0418888330459595
                ],
                [
                    3.741574516880064e-08,
                    0.9991331100463867,
                    0.04163050279021263,
                    0.25
                ],
                [
                    0,
                    0,
                    0,
                    1
                ]
            ]
        },
        {
            "file_path": "/Users/yanghyeonseo/gitprojects/render_dataset/output/026.png",
            "transform_matrix": [
                [
                    -0.13917328417301178,
                    0.04122544452548027,
                    -0.9894096255302429,
                    -5.941608428955078
                ],
                [
                    -0.9902681112289429,
                    -0.005793904885649681,
                    0.13905254006385803,
                    0.835039496421814
                ],
                [
                    4.011309329143842e-08,
                    0.9991331696510315,
                    0.04163049906492233,
                    0.25
                ],
                [
                    0,
                    0,
                    0,
                    1
                ]
            ]
        },
        {
            "file_path": "/Users/yanghyeonseo/gitprojects/render_dataset/output/027.png",
            "transform_matrix": [
                [
                    -0.10452831536531448,
                    0.041402481496334076,
                    -0.9936597943305969,
                    -5.967131614685059
                ],
                [
                    -0.994521975517273,
                    -0.004351599607616663,
                    0.10443766415119171,
                    0.6271700263023376
                ],
                [
                    7.03668945334357e-09,
                    0.9991331100463867,
                    0.041630495339632034,
                    0.25
                ],
                [
                    0,
                    0,
                    0,
                    1
                ]
            ]
        },
        {
            "file_path": "/Users/yanghyeonseo/gitprojects/render_dataset/output/028.png",
            "transform_matrix": [
                [
                    -0.06975660473108292,
                    0.041528988629579544,
                    -0.9966992735862732,
                    -5.985383987426758
                ],
                [
                    -0.9975641369819641,
                    -0.0029040230438113213,
                    0.06969606876373291,
                    0.41853928565979004
                ],
                [
                    3.481645194369776e-08,
                    0.9991331696510315,
                    0.0416303314268589,
                    0.25
                ],
                [
                    0,
                    0,
                    0,
                    1
                ]
            ]
        },
        {
            "file_path": "/Users/yanghyeonseo/gitprojects/render_dataset/output/029.png",
            "transform_matrix": [
                [
                    -0.03489936143159866,
                    0.04160511866211891,
                    -0.99852454662323,
                    -5.996345043182373
                ],
                [
                    -0.9993909597396851,
                    -0.0014528317842632532,
                    0.0348690003156662,
                    0.20939572155475616
                ],
                [
                    1.5342133963258675e-07,
                    0.9991331696510315,
                    0.04163036122918129,
                    0.25
                ],
                [
                    0,
                    0,
                    0,
                    1
                ]
            ]
        },
        {
            "file_path": "/Users/yanghyeonseo/gitprojects/render_dataset/output/030.png",
            "transform_matrix": [
                [
                    1.1465135685284622e-07,
                    0.04163051024079323,
                    -0.9991330504417419,
                    -6.0
                ],
                [
                    -1.0,
                    5.630058552696937e-08,
                    -8.876710921867925e-08,
                    -7.154928027830465e-08
                ],
                [
                    2.7934429880360767e-08,
                    0.9991330504417419,
                    0.04163053631782532,
                    0.25
                ],
                [
                    0,
                    0,
                    0,
                    1
                ]
            ]
        },
        {
            "file_path": "/Users/yanghyeonseo/gitprojects/render_dataset/output/031.png",
            "transform_matrix": [
                [
                    0.03489936888217926,
                    0.041605234146118164,
                    -0.9985244274139404,
                    -5.996345043182373
                ],
                [
                    -0.9993908405303955,
                    0.0014528442407026887,
                    -0.03486911579966545,
                    -0.2093958556652069
                ],
                [
                    -3.886090382820839e-08,
                    0.9991330504417419,
                    0.04163059592247009,
                    0.25
                ],
                [
                    0,
                    0,
                    0,
                    1
                ]
            ]
        },
        {
            "file_path": "/Users/yanghyeonseo/gitprojects/render_dataset/output/032.png",
            "transform_matrix": [
                [
                    0.06975647062063217,
                    0.041528988629579544,
                    -0.9966992735862732,
                    -5.985383987426758
                ],
                [
                    -0.9975641369819641,
                    0.002903891494497657,
                    -0.06969606876373291,
                    -0.4185394048690796
                ],
                [
                    -3.481645194369776e-08,
                    0.9991331696510315,
                    0.0416303314268589,
                    0.25
                ],
                [
                    0,
                    0,
                    0,
                    1
                ]
            ]
        },
        {
            "file_path": "/Users/yanghyeonseo/gitprojects/render_dataset/output/033.png",
            "transform_matrix": [
                [
                    0.10452824085950851,
                    0.041402481496334076,
                    -0.9936597943305969,
                    -5.967131614685059
                ],
                [
                    -0.994521975517273,
                    0.004351522773504257,
                    -0.10443766415119171,
                    -0.6271701455116272
                ],
                [
                    -7.03668945334357e-09,
                    0.9991331100463867,
                    0.041630495339632034,
                    0.25
                ],
                [
                    0,
                    0,
                    0,
                    1
                ]
            ]
        },
        {
            "file_path": "/Users/yanghyeonseo/gitprojects/render_dataset/output/034.png",
            "transform_matrix": [
                [
                    0.13917310535907745,
                    0.04122544452548027,
                    -0.9894096255302429,
                    -5.941608428955078
                ],
                [
                    -0.9902681112289429,
                    0.005793737713247538,
                    -0.13905254006385803,
                    -0.8350396156311035
                ],
                [
                    -4.011309329143842e-08,
                    0.9991331696510315,
                    0.04163049906492233,
                    0.25
                ],
                [
                    0,
                    0,
                    0,
                    1
                ]
            ]
        },
        {
            "file_path": "/Users/yanghyeonseo/gitprojects/render_dataset/output/035.png",
            "transform_matrix": [
                [
                    0.17364808917045593,
                    0.04099798575043678,
                    -0.9839540719985962,
                    -5.908846378326416
                ],
                [
                    -0.9848078489303589,
                    0.007228955626487732,
                    -0.17349761724472046,
                    -1.041888952255249
                ],
                [
                    -2.950069344365147e-08,
                    0.9991331696510315,
                    0.041630376130342484,
                    0.25
                ],
                [
                    0,
                    0,
                    0,
                    1
                ]
            ]
        },
        {
            "file_path": "/Users/yanghyeonseo/gitprojects/render_dataset/output/036.png",
            "transform_matrix": [
                [
                    0.20791137218475342,
                    0.040720731019973755,
                    -0.9772997498512268,
                    -5.8688859939575195
                ],
                [
                    -0.9781476855278015,
                    0.008655366487801075,
                    -0.2077311873435974,
                    -1.2474688291549683
                ],
                [
                    -2.433377943589221e-08,
                    0.9991331100463867,
                    0.04163039103150368,
                    0.25
                ],
                [
                    0,
                    0,
                    0,
                    1
                ]
            ]
        },
        {
            "file_path": "/Users/yanghyeonseo/gitprojects/render_dataset/output/037.png",
            "transform_matrix": [
                [
                    0.24192185699939728,
                    0.040393952280282974,
                    -0.9694545865058899,
                    -5.821774482727051
                ],
                [
                    -0.970295786857605,
                    0.0100712850689888,
                    -0.24171215295791626,
                    -1.4515316486358643
                ],
                [
                    -2.707644242150309e-08,
                    0.9991331100463867,
                    0.041630521416664124,
                    0.25
                ],
                [
                    0,
                    0,
                    0,
                    1
                ]
            ]
        },
        {
            "file_path": "/Users/yanghyeonseo/gitprojects/render_dataset/output/038.png",
            "transform_matrix": [
                [
                    0.2756372094154358,
                    0.04001785069704056,
                    -0.9604284167289734,
                    -5.767570495605469
                ],
                [
                    -0.9612617492675781,
                    0.011474980972707272,
                    -0.27539825439453125,
                    -1.6538232564926147
                ],
                [
                    4.469790226835357e-08,
                    0.9991330504417419,
                    0.041630566120147705,
                    0.25
                ],
                [
                    0,
                    0,
                    0,
                    1
                ]
            ]
        },
        {
            "file_path": "/Users/yanghyeonseo/gitprojects/render_dataset/output/039.png",
            "transform_matrix": [
                [
                    0.3090171217918396,
                    0.03959301859140396,
                    -0.9502319693565369,
                    -5.706338882446289
                ],
                [
                    -0.9510564804077148,
                    0.01286453939974308,
                    -0.308749258518219,
                    -1.8541027307510376
                ],
                [
                    -6.287727671860921e-09,
                    0.9991331100463867,
                    0.04163055121898651,
                    0.25
                ],
                [
                    0,
                    0,
                    0,
                    1
                ]
            ]
        },
        {
            "file_path": "/Users/yanghyeonseo/gitprojects/render_dataset/output/040.png",
            "transform_matrix": [
                [
                    0.3420199453830719,
                    0.03911985456943512,
                    -0.9388781189918518,
                    -5.638155937194824
                ],
                [
                    -0.9396927952766418,
                    0.014238267205655575,
                    -0.34172356128692627,
                    -2.0521206855773926
                ],
                [
                    -6.811872310663603e-08,
                    0.9991331696510315,
                    0.0416303351521492,
                    0.25
                ],
                [
                    0,
                    0,
                    0,
                    1
                ]
            ]
        },
        {
            "file_path": "/Users/yanghyeonseo/gitprojects/render_dataset/output/041.png",
            "transform_matrix": [
                [
                    0.3746066093444824,
                    0.0385991595685482,
                    -0.9263800978660583,
                    -5.563102722167969
                ],
                [
                    -0.9271839261054993,
                    0.01559492014348507,
                    -0.37428197264671326,
                    -2.247640609741211
                ],
                [
                    -5.0896801440103445e-08,
                    0.9991331696510315,
                    0.04163041338324547,
                    0.25
                ],
                [
                    0,
                    0,
                    0,
                    1
                ]
            ]
        },
        {
            "file_path": "/Users/yanghyeonseo/gitprojects/render_dataset/output/042.png",
            "transform_matrix": [
                [
                    0.4067366123199463,
                    0.038031384348869324,
                    -0.9127535820007324,
                    -5.4812726974487305
                ],
                [
                    -0.913545548915863,
                    0.01693245954811573,
                    -0.40638411045074463,
                    -2.440420150756836
                ],
                [
                    -9.807450140897345e-08,
                    0.9991331696510315,
                    0.04163039103150368,
                    0.25
                ],
                [
                    0,
                    0,
                    0,
                    1
                ]
            ]
        },
        {
            "file_path": "/Users/yanghyeonseo/gitprojects/render_dataset/output/043.png",
            "transform_matrix": [
                [
                    0.4383709132671356,
                    0.037417225539684296,
                    -0.898015022277832,
                    -5.392764568328857
                ],
                [
                    -0.8987942337989807,
                    0.018249504268169403,
                    -0.4379909932613373,
                    -2.6302261352539062
                ],
                [
                    2.3289743467103108e-08,
                    0.9991331696510315,
                    0.041630372405052185,
                    0.25
                ],
                [
                    0,
                    0,
                    0,
                    1
                ]
            ]
        },
        {
            "file_path": "/Users/yanghyeonseo/gitprojects/render_dataset/output/044.png",
            "transform_matrix": [
                [
                    0.4694715142250061,
                    0.03675749897956848,
                    -0.882182240486145,
                    -5.297685623168945
                ],
                [
                    -0.8829476833343506,
                    0.019544163718819618,
                    -0.4690646529197693,
                    -2.8168299198150635
                ],
                [
                    -1.4207593324044865e-08,
                    0.9991332292556763,
                    0.04163030534982681,
                    0.25
                ],
                [
                    0,
                    0,
                    0,
                    1
                ]
            ]
        },
        {
            "file_path": "/Users/yanghyeonseo/gitprojects/render_dataset/output/045.png",
            "transform_matrix": [
                [
                    0.49999991059303284,
                    0.03605310991406441,
                    -0.8652746677398682,
                    -5.196152687072754
                ],
                [
                    -0.866025447845459,
                    0.020815251395106316,
                    -0.4995664656162262,
                    -2.999999523162842
                ],
                [
                    3.862894004669215e-09,
                    0.9991331100463867,
                    0.04163052514195442,
                    0.25
                ],
                [
                    0,
