{
    "frames": [
        {
            "file_path": "train/000.png",
            "transform_matrix": [
                [
                    1.0,
                    0.0,
                    0.0,
                    0.0
                ],
                [
                    0.0,
                    0.16439902782440186,
                    -0.9863938689231873,
                    -6.0
                ],
                [
                    0.0,
                    0.9863938689231873,
                    0.16439902782440186,
                    1.0
                ],
                [
                    0,
                    0,
                    0,
                    1
                ]
            ]
        },
        {
            "file_path": "train/001.png",
            "transform_matrix": [
                [
                    0.9948217272758484,
                    -0.01670871116220951,
                    0.10025223344564438,
                    0.609810471534729
                ],
                [
                    0.10163509100675583,
                    0.1635476052761078,
                    -0.9812861680984497,
                    -5.968930244445801
                ],
                [
                    1.1627060203522888e-08,
                    0.9863939881324768,
                    0.1643988937139511,
                    1.0
                ],
                [
                    0,
                    0,
                    0,
                    1
                ]
            ]
        },
        {
            "file_path": "train/002.png",
            "transform_matrix": [
                [
                    0.9793406128883362,
                    -0.033244360238313675,
                    0.19946618378162384,
                    1.2133053541183472
                ],
                [
                    0.20221757888793945,
                    0.1610025018453598,
                    -0.966015636920929,
                    -5.876043796539307
                ],
                [
                    1.565294738270495e-08,
                    0.986393928527832,
                    0.1643988937139511,
                    1.0
                ],
                [
                    0,
                    0,
                    0,
                    1
                ]
            ]
        },
        {
            "file_path": "train/003.png",
            "transform_matrix": [
                [
                    0.9537169337272644,
                    -0.04943569749593735,
                    0.2966143786907196,
                    1.8042347431182861
                ],
                [
                    0.30070582032203674,
                    0.15678997337818146,
                    -0.9407406449317932,
                    -5.722301483154297
                ],
                [
                    6.5030274498667495e-09,
                    0.986393928527832,
                    0.16439884901046753,
                    1.0
                ],
                [
                    0,
                    0,
                    0,
                    1
                ]
            ]
        },
        {
            "file_path": "train/004.png",
            "transform_matrix": [
                [
                    0.9182160496711731,
                    -0.06511513143777847,
                    0.39069077372550964,
                    2.376478672027588
                ],
                [
                    0.3960798680782318,
                    0.15095366537570953,
                    -0.9057228565216064,
                    -5.509296417236328
                ],
                [
                    3.262978509610548e-08,
                    0.9863939881324768,
                    0.16439886391162872,
                    1.0
                ],
                [
                    0,
                    0,
                    0,
                    1
                ]
            ]
        },
        {
            "file_path": "train/005.png",
            "transform_matrix": [
                [
                    0.8732057809829712,
                    -0.08012011647224426,
                    0.48072078824043274,
                    2.9241104125976562
                ],
                [
                    0.4873517155647278,
                    0.14355403184890747,
                    -0.8613249063491821,
                    -5.239234924316406
                ],
                [
                    1.9896591041401734e-08,
                    0.9863939881324768,
                    0.16439887881278992,
                    1.0
                ],
                [
                    0,
                    0,
                    0,
                    1
                ]
            ]
        },
        {
            "file_path": "train/006.png",
            "transform_matrix": [
                [
                    0.8191520571708679,
                    -0.09429535269737244,
                    0.565772294998169,
                    3.4414587020874023
                ],
                [
                    0.5735763907432556,
                    0.1346677541732788,
                    -0.8080067038536072,
                    -4.914912223815918
                ],
                [
                    -3.3367559382213585e-08,
                    0.9863939881324768,
                    0.1643989384174347,
                    1.0
                ],
                [
                    0,
                    0,
                    0,
                    1
                ]
            ]
        },
        {
            "file_path": "train/007.png",
            "transform_matrix": [
                [
                    0.7566148042678833,
                    -0.10749408602714539,
                    0.6449643969535828,
                    3.9231653213500977
                ],
                [
                    0.653860867023468,
                    0.12438669800758362,
                    -0.7463203072547913,
                    -4.539689064025879
                ],
                [
                    -1.165756202681223e-08,
                    0.9863939881324768,
                    0.16439898312091827,
                    1.0
                ],
                [
                    0,
                    0,
                    0,
                    1
                ]
            ]
        },
        {
            "file_path": "train/008.png",
            "transform_matrix": [
                [
                    0.686241626739502,
                    -0.11957947164773941,
                    0.7174769639968872,
                    4.364242076873779
                ],
                [
                    0.7273736596107483,
                    0.11281734704971313,
                    -0.6769046783447266,
                    -4.117449760437012
                ],
                [
                    8.148219876602525e-09,
                    0.9863939881324768,
                    0.1643988937139511,
                    1.0
                ],
                [
                    0,
                    0,
                    0,
                    1
                ]
            ]
        },
        {
            "file_path": "train/009.png",
            "transform_matrix": [
                [
                    0.6087613701820374,
                    -0.13042649626731873,
                    0.7825589776039124,
                    4.760119915008545
                ],
                [
                    0.7933533787727356,
                    0.100079745054245,
                    -0.6004785895347595,
                    -3.6525685787200928
                ],
                [
                    -1.062983301380882e-08,
                    0.986393928527832,
                    0.16439896821975708,
                    1.0
                ],
                [
                    0,
                    0,
                    0,
                    1
                ]
            ]
        },
        {
            "file_path": "train/010.png",
            "transform_matrix": [
                [
                    0.5249764919281006,
                    -0.13992272317409515,
                    0.8395364284515381,
                    5.1066999435424805
                ],
                [
                    0.8511167764663696,
                    0.08630549907684326,
                    -0.5178337693214417,
                    -3.149859666824341
                ],
                [
                    6.751506020918896e-10,
                    0.9863940477371216,
                    0.16439887881278992,
                    1.0
                ],
                [
                    0,
                    0,
                    0,
                    1
                ]
            ]
        },
        {
            "file_path": "train/011.png",
            "transform_matrix": [
                [
                    0.4357546269893646,
                    -0.1479698121547699,
                    0.887819230556488,
                    5.400392532348633
                ],
                [
                    0.900065541267395,
                    0.07163748890161514,
                    -0.4298258125782013,
                    -2.6145284175872803
                ],
                [
                    2.8961366638213804e-08,
                    0.9863940477371216,
                    0.16439883410930634,
                    1.0
                ],
                [
                    0,
                    0,
                    0,
                    1
                ]
            ]
        },
        {
            "file_path": "train/012.png",
            "transform_matrix": [
                [
                    0.34202009439468384,
                    -0.15448451042175293,
                    0.9269071221351624,
                    5.638155937194824
                ],
                [
                    0.9396926760673523,
                    0.056227732449769974,
                    -0.33736658096313477,
                    -2.0521209239959717
                ],
                [
                    -9.387441934904928e-10,
                    0.986393928527832,
                    0.1643989533185959,
                    1.0
                ],
                [
                    0,
                    0,
                    0,
                    1
                ]
            ]
        },
        {
            "file_path": "train/013.png",
            "transform_matrix": [
                [
                    0.24474315345287323,
                    -0.15939930081367493,
                    0.9563958048820496,
                    5.817527770996094
                ],
                [
                    0.969588041305542,
                    0.040235403925180435,
                    -0.24141331017017365,
                    -1.4684597253799438
                ],
                [
                    -5.194699781441159e-09,
                    0.9863940477371216,
                    0.16439886391162872,
                    1.0
                ],
                [
                    0,
                    0,
                    0,
                    1
                ]
            ]
        },
        {
            "file_path": "train/014.png",
            "transform_matrix": [
                [
                    0.1449318379163742,
                    -0.16266317665576935,
                    0.9759792685508728,
                    5.936649799346924
                ],
                [
                    0.9894416928291321,
                    0.023826705291867256,
                    -0.14295990765094757,
                    -0.869591236114502
                ],
                [
                    -1.0328472654919096e-07,
                    0.9863939881324768,
                    0.1643989235162735,
                    1.0
                ],
                [
                    0,
                    0,
                    0,
                    1
                ]
            ]
        },
        {
            "file_path": "train/015.png",
            "transform_matrix": [
                [
                    0.04361923411488533,
                    -0.16424256563186646,
                    0.9854551553726196,
                    5.994289398193359
                ],
                [
                    0.9990482926368713,
                    0.0071709598414599895,
                    -0.04302581027150154,
                    -0.26171600818634033
                ],
                [
                    -5.978478156976053e-08,
                    0.9863939881324768,
                    0.16439896821975708,
                    1.0
                ],
                [
                    0,
                    0,
                    0,
                    1
                ]
            ]
        },
        {
            "file_path": "train/016.png",
            "transform_matrix": [
                [
                    -0.058144863694906235,
                    -0.16412082314491272,
                    0.9847251772880554,
                    5.989849090576172
                ],
                [
                    0.9983082413673401,
                    -0.009558949619531631,
                    0.057353660464286804,
                    0.3488689363002777
                ],
                [
                    -8.32990778576459e-08,
                    0.9863940477371216,
                    0.16439886391162872,
                    1.0
                ],
                [
                    0,
                    0,
                    0,
                    1
                ]
            ]
        },
        {
            "file_path": "train/017.png",
            "transform_matrix": [
                [
                    -0.15930698812007904,
                    -0.16229945421218872,
                    0.9737968444824219,
                    5.923374652862549
                ],
                [
                    0.9872291684150696,
                    -0.02618999592959881,
                    0.1571393758058548,
                    0.9558414816856384
                ],
                [
                    5.187724383404202e-08,
                    0.9863939881324768,
                    0.1643989384174347,
                    1.0
                ],
                [
                    0,
                    0,
                    0,
                    1
                ]
            ]
        },
        {
            "file_path": "train/018.png",
            "transform_matrix": [
                [
                    -0.2588190734386444,
                    -0.15879730880260468,
                    0.9527834057807922,
                    5.795555114746094
                ],
                [
                    0.9659258723258972,
                    -0.04254964739084244,
                    0.2552975118160248,
                    1.5529142618179321
                ],
                [
                    -1.433822660601436e-08,
                    0.9863939881324768,
                    0.16439899802207947,
                    1.0
                ],
                [
                    0,
                    0,
                    0,
                    1
                ]
            ]
        },
        {
            "file_path": "train/019.png",
            "transform_matrix": [
                [
                    -0.35565102100372314,
                    -0.15365034341812134,
                    0.921902596950531,
                    5.607713222503662
                ],
                [
                    0.9346190690994263,
                    -0.058468710631132126,
                    0.3508118689060211,
                    2.1339049339294434
                ],
                [
                    -6.398589391665155e-08,
                    0.9863941073417664,
                    0.16439872980117798,
                    1.0
                ],
                [
                    0,
                    0,
                    0,
                    1
                ]
            ]
        },
        {
            "file_path": "train/020.png",
            "transform_matrix": [
                [
                    -0.4487992525100708,
                    -0.14691221714019775,
                    0.8814738988876343,
                    5.361795902252197
                ],
                [
                    0.893632709980011,
                    -0.07378213107585907,
                    0.4426927864551544,
                    2.6927950382232666
                ],
                [
                    -8.340794721561906e-09,
                    0.9863939881324768,
                    0.16439883410930634,
                    1.0
                ],
                [
                    0,
                    0,
                    0,
                    1
                ]
            ]
        },
        {
            "file_path": "train/021.png",
            "transform_matrix": [
                [
                    -0.5372998118400574,
                    -0.13865266740322113,
                    0.8319163918495178,
                    5.0603485107421875
                ],
                [
                    0.8433915972709656,
                    -0.08833156526088715,
                    0.5299891233444214,
                    3.2237977981567383
                ],
                [
                    -7.240284105591854e-08,
                    0.9863941073417664,
                    0.16439871490001678,
                    1.0
                ],
                [
                    0,
                    0,
                    0,
                    1
                ]
            ]
        },
        {
            "file_path": "train/022.png",
            "transform_matrix": [
                [
                    -0.6202356815338135,
                    -0.12895715236663818,
                    0.7737428545951843,
                    4.706493377685547
                ],
                [
                    0.7844156622886658,
                    -0.10196617245674133,
                    0.6117966175079346,
                    3.7214133739471436
                ],
                [
                    -1.2532048287994257e-08,
                    0.9863939881324768,
                    0.1643989384174347,
                    1.0
                ],
                [
                    0,
                    0,
                    0,
                    1
                ]
            ]
        },
        {
            "file_path": "train/023.png",
            "transform_matrix": [
                [
                    -0.696747899055481,
                    -0.11792605370283127,
                    0.7075563073158264,
                    4.303896903991699
                ],
                [
                    0.7173161506652832,
                    -0.11454462260007858,
                    0.6872678995132446,
                    4.180487155914307
                ],
                [
                    -4.8706588984259724e-08,
                    0.9863939881324768,
                    0.1643989235162735,
                    1.0
                ],
                [
                    0,
                    0,
                    0,
                    1
                ]
            ]
        },
        {
            "file_path": "train/024.png",
            "transform_matrix": [
                [
                    -0.7660446166992188,
                    -0.105673648416996,
                    0.6340418457984924,
                    3.8567256927490234
                ],
                [
                    0.6427876353263855,
                    -0.1259370893239975,
                    0.7556216716766357,
                    4.596266746520996
                ],
                [
                    1.4104244883128558e-08,
                    0.9863940477371216,
                    0.1643989235162735,
                    1.0
                ],
                [
                    0,
                    0,
                    0,
                    1
                ]
            ]
        },
        {
            "file_path": "train/025.png",
            "transform_matrix": [
                [
                    -0.8274077773094177,
                    -0.0923268049955368,
                    0.553960919380188,
                    3.369612216949463
                ],
                [
                    0.5616021156311035,
                    -0.13602504134178162,
                    0.816149890422821,
                    4.964445114135742
                ],
                [
                    -4.5067888976291215e-08,
                    0.9863941073417664,
                    0.16439877450466156,
                    1.0
                ],
                [
                    0,
                    0,
                    0,
                    1
                ]
            ]
        },
        {
            "file_path": "train/026.png",
            "transform_matrix": [
                [
                    -0.880201518535614,
                    -0.0780237689614296,
                    0.4681428074836731,
                    2.8476016521453857
                ],
                [
                    0.47460025548934937,
                    -0.1447041779756546,
                    0.8682253956794739,
                    5.2812089920043945
                ],
                [
                    -8.792319761141698e-09,
                    0.9863939881324768,
                    0.16439887881278992,
                    1.0
                ],
                [
                    0,
                    0,
                    0,
                    1
                ]
            ]
        },
        {
            "file_path": "train/027.png",
            "transform_matrix": [
                [
                    -0.9238796234130859,
                    -0.06291276216506958,
                    0.3774767518043518,
                    2.2961008548736572
                ],
                [
                    0.38268354535102844,
                    -0.1518847495317459,
                    0.9113091826438904,
                    5.543276786804199
                ],
                [
                    -3.851213037364687e-08,
                    0.9863939881324768,
                    0.16439877450466156,
                    1.0
                ],
                [
                    0,
                    0,
                    0,
                    1
                ]
            ]
        },
        {
            "file_path": "train/028.png",
            "transform_matrix": [
                [
                    -0.957989513874054,
                    -0.047150179743766785,
                    0.28290095925331116,
                    1.7208194732666016
                ],
                [
                    0.2868032157421112,
                    -0.15749254822731018,
                    0.9449549913406372,
                    5.747937202453613
                ],
                [
                    -4.897938055137274e-09,
                    0.9863938689231873,
                    0.16439905762672424,
                    1.0
                ],
                [
                    0,
                    0,
                    0,
                    1
                ]
            ]
        },
        {
            "file_path": "train/029.png",
            "transform_matrix": [
                [
                    -0.9821781516075134,
                    -0.030899234116077423,
                    0.18539543449878693,
                    1.127716302871704
                ],
                [
                    0.18795274198055267,
                    -0.16146904230117798,
                    0.9688145518302917,
                    5.893068313598633
                ],
                [
                    -1.1350635986673296e-08,
                    0.9863939881324768,
                    0.16439886391162872,
                    1.0
                ],
                [
                    0,
                    0,
                    0,
                    1
                ]
            ]
        },
        {
            "file_path": "train/030.png",
            "transform_matrix": [
                [
                    -0.9961948990821838,
                    -0.014328292571008205,
                    0.08596980571746826,
                    0.522933840751648
                ],
                [
                    0.08715564757585526,
                    -0.16377338767051697,
                    0.9826405048370361,
                    5.977168083190918
                ],
                [
                    -1.5202816783244089e-09,
                    0.9863940477371216,
                    0.16439880430698395,
                    1.0
                ],
                [
                    0,
                    0,
                    0,
                    1
                ]
            ]
        },
        {
            "file_path": "train/031.png",
            "transform_matrix": [
                [
                    -0.999894380569458,
                    0.002390987938269973,
                    -0.01434593927115202,
                    -0.08726293593645096
                ],
                [
                    -0.014543823897838593,
                    -0.1643815040588379,
                    0.9862896800041199,
                    5.99936580657959
                ],
                [
                    5.630431676451053e-10,
                    0.9863939881324768,
                    0.16439875960350037,
                    1.0
                ],
                [
                    0,
                    0,
                    0,
                    1
                ]
            ]
        },
        {
            "file_path": "train/032.png",
            "transform_matrix": [
                [
                    -0.9932385683059692,
                    0.019085559993982315,
                    -0.11451336741447449,
                    -0.6965574026107788
                ],
                [
                    -0.11609293520450592,
                    -0.16328734159469604,
                    0.9797244071960449,
                    5.959429740905762
                ],
                [
                    1.8880481178484843e-08,
                    0.9863940477371216,
                    0.16439872980117798,
                    1.0
                ],
                [
                    0,
                    0,
                    0,
                    1
                ]
            ]
        },
        {
            "file_path": "train/033.png",
            "transform_matrix": [
                [
                    -0.9762960076332092,
                    0.035582464188337326,
                    -0.21349476277828217,
                    -1.298637866973877
                ],
                [
                    -0.2164396494626999,
                    -0.16050204634666443,
                    0.9630124568939209,
                    5.857776165008545
                ],
                [
                    6.500787463892266e-09,
                    0.986393928527832,
                    0.16439898312091827,
                    1.0
                ],
                [
                    0,
                    0,
                    0,
                    1
                ]
            ]
        },
        {
            "file_path": "train/034.png",
            "transform_matrix": [
                [
                    -0.9492427110671997,
                    0.05171087011694908,
                    -0.31026512384414673,
                    -1.887269139289856
                ],
                [
                    -0.3145448565483093,
                    -0.15605463087558746,
                    0.9363272190093994,
                    5.695455551147461
                ],
                [
                    5.824922766350937e-10,
                    0.9863939881324768,
                    0.16439898312091827,
                    1.0
                ],
                [
                    0,
                    0,
                    0,
                    1
                ]
            ]
        },
        {
            "file_path": "train/035.png",
            "transform_matrix": [
                [
                    -0.9123586416244507,
                    0.06730365008115768,
                    -0.403822124004364,
                    -2.4563534259796143
                ],
                [
                    -0.4093923270702362,
                    -0.14999070763587952,
                    0.8999449610710144,
                    5.474150657653809
                ],
                [
                    4.8912845329596166e-08,
                    0.9863940477371216,
                    0.16439871490001678,
                    1.0
                ],
                [
                    0,
                    0,
                    0,
                    1
                ]
            ]
        },
        {
            "file_path": "train/036.png",
            "transform_matrix": [
                [
                    -0.866025447845459,
                    0.08219946920871735,
                    -0.49319693446159363,
                    -2.999999761581421
                ],
                [
                    -0.4999999701976776,
                    -0.14237377047538757,
                    0.854242205619812,
                    5.196152210235596
                ],
                [
                    -4.272263964821832e-08,
                    0.986393928527832,
                    0.16439902782440186,
                    1.0
                ],
                [
                    0,
                    0,
                    0,
                    1
                ]
            ]
        },
        {
            "file_path": "train/037.png",
            "transform_matrix": [
                [
                    -0.8107233643531799,
                    0.09624402225017548,
                    -0.5774641036987305,
                    -3.5125770568847656
                ],
                [
                    -0.5854294896125793,
                    -0.1332821100950241,
                    0.7996925711631775,
                    4.864340305328369
                ],
                [
                    4.589661983800397e-09,
                    0.986393928527832,
                    0.16439896821975708,
                    1.0
                ],
                [
                    0,
                    0,
                    0,
                    1
                ]
            ]
        },
        {
            "file_path": "train/038.png",
            "transform_matrix": [
                [
                    -0.7470251321792603,
                    0.10929173976182938,
                    -0.6557508111000061,
                    -3.9887757301330566
                ],
                [
                    -0.6647960543632507,
                    -0.12281005084514618,
                    0.736860990524292,
                    4.482150077819824
                ],
                [
                    8.874287971138983e-08,
                    0.9863940477371216,
                    0.16439874470233917,
                    1.0
                ],
                [
                    0,
                    0,
                    0,
                    1
                ]
            ]
        },
        {
            "file_path": "train/039.png",
            "transform_matrix": [
                [
                    -0.6755903363227844,
                    0.12120763212442398,
                    -0.7272458672523499,
                    -4.42366361618042
                ],
                [
                    -0.7372773289680481,
                    -0.11106640845537186,
                    0.6663981676101685,
                    4.053541660308838
                ],
                [
                    -2.846867630523775e-09,
                    0.9863939881324768,
                    0.1643989235162735,
                    1.0
                ],
                [
                    0,
                    0,
                    0,
                    1
                ]
            ]
        },
        {
            "file_path": "train/040.png",
            "transform_matrix": [
                [
                    -0.5971585512161255,
                    0.13186831772327423,
                    -0.79120934009552,
                    -4.812739372253418
                ],
                [
                    -0.8021231293678284,
                    -0.0981723740696907,
                    0.5890336036682129,
                    3.582951545715332
                ],
                [
                    -6.508834360374749e-08,
                    0.9863938689231873,
                    0.1643991768360138,
                    1.0
                ],
                [
                    0,
                    0,
                    0,
                    1
                ]
            ]
        },
        {
            "file_path": "train/041.png",
            "transform_matrix": [
                [
                    -0.5125424861907959,
                    0.1411631852388382,
                    -0.8469787836074829,
                    -5.151971340179443
                ],
                [
                    -0.8586618304252625,
                    -0.08426148444414139,
                    0.50556880235672,
                    3.0752549171447754
                ],
                [
                    -1.4785147328666426e-08,
                    0.9863938689231873,
                    0.16439908742904663,
                    1.0
                ],
                [
                    0,
                    0,
                    0,
                    1
                ]
            ]
        },
        {
            "file_path": "train/042.png",
            "transform_matrix": [
                [
                    -0.4226182699203491,
                    0.14899608492851257,
                    -0.8939765691757202,
                    -5.437847137451172
                ],
                [
                    -0.9063078761100769,
                    -0.06947806477546692,
                    0.41686803102493286,
                    2.5357091426849365
                ],
                [
                    -4.101785577859118e-09,
                    0.9863939881324768,
                    0.1643989384174347,
                    1.0
                ],
                [
                    0,
                    0,
                    0,
                    1
                ]
            ]
        },
        {
            "file_path": "train/043.png",
            "transform_matrix": [
                [
                    -0.3283170163631439,
                    0.1552860289812088,
                    -0.931715726852417,
                    -5.667405128479004
                ],
                [
                    -0.9445676207542419,
                    -0.05397496372461319,
                    0.3238499164581299,
                    1.9699020385742188
                ],
                [
                    4.24250963249051e-08,
                    0.986393928527832,
                    0.16439904272556305,
                    1.0
                ],
                [
                    0,
                    0,
                    0,
                    1
                ]
            ]
        },
        {
            "file_path": "train/044.png",
            "transform_matrix": [
                [
                    -0.23061572015285492,
                    0.15996752679347992,
                    -0.9598057270050049,
                    -5.8382697105407715
                ],
                [
                    -0.9730450510978699,
                    -0.03791297972202301,
                    0.22747786343097687,
                    1.3836939334869385
                ],
                [
                    7.300333493276412e-08,
                    0.9863940477371216,
                    0.16439880430698395,
                    1.0
                ],
                [
                    0,
                    0,
                    0,
                    1
                ]
            ]
        },
        {
            "file_path": "train/045.png",
            "transform_matrix": [
                [
                    -0.13052645325660706,
                    0.1629924327135086,
                    -0.9779552221298218,
                    -5.948668956756592
                ],
                [
                    -0.9914448857307434,
                    -0.02145843766629696,
                    0.12875047326087952,
                    0.7831583619117737
                ],
                [
                    3.891152289270394e-09,
                    0.9863939881324768,
                    0.16439884901046753,
                    1.0
                ],
                [
                    0,
                    0,
                    0,
                    1
                ]
            ]
        },
        {
            "file_path": "train/046.png",
            "transform_matrix": [
                [
                    -0.02908492274582386,
                    0.1643294394016266,
                    -0.9859766960144043,
                    -5.997461318969727
                ],
                [
                    -0.9995770454406738,
                    -0.004781640600413084,
                    0.028689110651612282,
                    0.17450915277004242
                ],
                [
                    -4.888848792461431e-08,
                    0.9863939881324768,
                    0.1643989086151123,
                    1.0
                ],
                [
                    0,
                    0,
                    0,
                    1
                ]
            ]
        },
        {
            "file_path": "train/047.png",
            "transform_matrix": [
                [
                    0.07265791296958923,
                    0.16396461427211761,
                    -0.9837867617607117,
                    -5.984141826629639
                ],
                [
                    -0.9973569512367249,
                    0.011944916099309921,
                    -0.0716693177819252,
                    -0.43594735860824585
                ],
                [
                    2.0605828154884875e-08,
                    0.986393928527832,
                    0.1643991321325302,
                    1.0
                ],
                [
                    0,
                    0,
                    0,
                    1
                ]
            ]
        },
        {
            "file_path": "train/048.png",
            "transform_matrix": [
                [
                    0.17364810407161713,
                    0.1619013547897339,
                    -0.971408486366272,
                    -5.908846378326416
                ],
                [
                    -0.9848078489303589,
                    0.028547488152980804,
                    -0.17128552496433258,
                    -1.041888952255249
                ],
                [
                    -3.448533902883355e-09,
                    0.9863939881324768,
                    0.16439886391162872,
                    1.0
                ],
                [
                    0,
