{
    "frames": [
        {
            "file_path": "/Users/yanghyeonseo/gitprojects/render_dataset/output/z_0_000.png",
            "transform_matrix": [
                [
                    -0.8660253882408142,
                    -4.217217508539761e-08,
                    -0.4999999403953552,
                    -4.999999523162842
                ],
                [
                    -0.4999999403953552,
                    1.0834380503865759e-07,
                    0.8660253882408142,
                    8.660253524780273
                ],
                [
                    1.4614478516250529e-09,
                    0.9999999403953552,
                    -5.449911455457368e-08,
                    1.0
                ],
                [
                    0,
                    0,
                    0,
                    1
                ]
            ]
        },
        {
            "file_path": "/Users/yanghyeonseo/gitprojects/render_dataset/output/z_0_001.png",
            "transform_matrix": [
                [
                    -0.848048210144043,
                    0.0,
                    -0.5299192667007446,
                    -5.299192428588867
                ],
                [
                    -0.5299192667007446,
                    -4.294781774660805e-08,
                    0.8480481505393982,
                    8.480481147766113
                ],
                [
                    0.0,
                    1.0,
                    -4.294781774660805e-08,
                    1.0
                ],
                [
                    0,
                    0,
                    0,
                    1
                ]
            ]
        },
        {
            "file_path": "/Users/yanghyeonseo/gitprojects/render_dataset/output/z_0_002.png",
            "transform_matrix": [
                [
                    -0.8290375471115112,
                    0.0,
                    -0.559192955493927,
                    -5.5919294357299805
                ],
                [
                    -0.559192955493927,
                    3.403893611420017e-09,
                    0.8290375471115112,
                    8.290375709533691
                ],
                [
                    0.0,
                    1.0,
                    3.403893611420017e-09,
                    1.0
                ],
                [
                    0,
                    0,
                    0,
                    1
                ]
            ]
        },
        {
            "file_path": "/Users/yanghyeonseo/gitprojects/render_dataset/output/z_0_003.png",
            "transform_matrix": [
                [
                    -0.8090168833732605,
                    -2.6048189383232057e-08,
                    -0.5877853631973267,
                    -5.8778533935546875
                ],
                [
                    -0.5877853631973267,
                    9.456864091816897e-08,
                    0.8090169429779053,
                    8.090169906616211
                ],
                [
                    2.6048189383232057e-08,
                    1.0,
                    -6.576749456144171e-08,
                    1.0
                ],
                [
                    0,
                    0,
                    0,
                    1
                ]
            ]
        },
        {
            "file_path": "/Users/yanghyeonseo/gitprojects/render_dataset/output/z_0_004.png",
            "transform_matrix": [
                [
                    -0.7880108952522278,
                    0.0,
                    -0.6156613826751709,
                    -6.156613826751709
                ],
                [
                    -0.6156613826751709,
                    -1.8592340111922567e-08,
                    0.788010835647583,
                    7.88010835647583
                ],
                [
                    0.0,
                    1.0,
                    -1.8592340111922567e-08,
                    1.0
                ],
                [
                    0,
                    0,
                    0,
                    1
                ]
            ]
        },
        {
            "file_path": "/Users/yanghyeonseo/gitprojects/render_dataset/output/z_0_005.png",
            "transform_matrix": [
                [
                    -0.766044557094574,
                    0.0,
                    -0.6427875757217407,
                    -6.427875518798828
                ],
                [
                    -0.6427875757217407,
                    -3.1499173047677687e-08,
                    0.7660444974899292,
                    7.660445213317871
                ],
                [
                    0.0,
                    1.0,
                    -3.1499173047677687e-08,
                    1.0
                ],
                [
                    0,
                    0,
                    0,
                    1
                ]
            ]
        },
        {
            "file_path": "/Users/yanghyeonseo/gitprojects/render_dataset/output/z_0_006.png",
            "transform_matrix": [
                [
                    -0.743144690990448,
                    -3.020815952936573e-08,
                    -0.6691305637359619,
                    -6.691306114196777
                ],
                [
                    -0.6691305637359619,
                    1.5475566783607064e-07,
                    0.7431447505950928,
                    7.431447982788086
                ],
                [
                    3.020815952936573e-08,
                    0.9999999403953552,
                    -2.6342181769223316e-09,
                    1.0
                ],
                [
                    0,
                    0,
                    0,
                    1
                ]
            ]
        },
        {
            "file_path": "/Users/yanghyeonseo/gitprojects/render_dataset/output/z_0_007.png",
            "transform_matrix": [
                [
                    -0.719339907169342,
                    0.0,
                    -0.6946584582328796,
                    -6.9465837478637695
                ],
                [
                    -0.6946584582328796,
                    -7.981424943181992e-08,
                    0.7193398475646973,
                    7.1933979988098145
                ],
                [
                    0.0,
                    1.0000001192092896,
                    -7.981424943181992e-08,
                    1.0
                ],
                [
                    0,
                    0,
                    0,
                    1
                ]
            ]
        },
        {
            "file_path": "/Users/yanghyeonseo/gitprojects/render_dataset/output/z_0_008.png",
            "transform_matrix": [
                [
                    -0.6946582794189453,
                    3.293617822919259e-08,
                    -0.719339907169342,
                    -7.193398475646973
                ],
                [
                    -0.719339907169342,
                    -9.99363933829045e-08,
                    0.6946582794189453,
                    6.946583271026611
                ],
                [
                    -3.293617822919259e-08,
                    1.0,
                    5.524911728116422e-08,
                    1.0
                ],
                [
                    0,
                    0,
                    0,
                    1
                ]
            ]
        },
        {
            "file_path": "/Users/yanghyeonseo/gitprojects/render_dataset/output/z_0_009.png",
            "transform_matrix": [
                [
                    -0.6691306233406067,
                    -4.217717730625736e-09,
                    -0.7431450486183167,
                    -7.431448936462402
                ],
                [
                    -0.7431450486183167,
                    -1.8347205354984908e-07,
                    0.6691305041313171,
                    6.691305160522461
                ],
                [
                    -7.27884099660514e-08,
                    1.0000001192092896,
                    -2.9459799932851638e-08,
                    1.0
                ],
                [
                    0,
                    0,
                    0,
                    1
                ]
            ]
        },
        {
            "file_path": "/Users/yanghyeonseo/gitprojects/render_dataset/output/z_0_010.png",
            "transform_matrix": [
                [
                    -0.6427874565124512,
                    3.5624065475303723e-08,
                    -0.7660446166992188,
                    -7.660445690155029
                ],
                [
                    -0.7660446166992188,
                    -1.0604843225792138e-07,
                    0.6427874565124512,
                    6.42787504196167
                ],
                [
                    -3.5624065475303723e-08,
                    1.0,
                    4.6743629411594156e-08,
                    1.0
                ],
                [
                    0,
                    0,
                    0,
                    1
                ]
            ]
        },
        {
            "file_path": "/Users/yanghyeonseo/gitprojects/render_dataset/output/z_0_011.png",
            "transform_matrix": [
                [
                    -0.6156615614891052,
                    3.695192418717852e-08,
                    -0.7880107760429382,
                    -7.8801069259643555
                ],
                [
                    -0.7880107760429382,
                    -9.957058466625313e-08,
                    0.6156615018844604,
                    6.156615257263184
                ],
                [
                    -3.695192418717852e-08,
                    1.0,
                    5.1954764046513446e-08,
                    1.0
                ],
                [
                    0,
                    0,
                    0,
                    1
                ]
            ]
        },
        {
            "file_path": "/Users/yanghyeonseo/gitprojects/render_dataset/output/z_0_012.png",
            "transform_matrix": [
                [
                    -0.587785005569458,
                    -3.755311439590514e-08,
                    -0.8090171217918396,
                    -8.090170860290527
                ],
                [
                    -0.8090171217918396,
                    -1.4778551715721733e-08,
                    0.5877850651741028,
                    5.877850532531738
                ],
                [
                    -3.755311439590514e-08,
                    1.0,
                    -1.4778551715721733e-08,
                    1.0
                ],
                [
                    0,
                    0,
                    0,
                    1
                ]
            ]
        },
        {
            "file_path": "/Users/yanghyeonseo/gitprojects/render_dataset/output/z_0_013.png",
            "transform_matrix": [
                [
                    -0.559192955493927,
                    2.3600392751177424e-09,
                    -0.8290376663208008,
                    -8.290375709533691
                ],
                [
                    -0.8290376663208008,
                    -1.6795284807358257e-07,
                    0.5591928958892822,
                    5.591928958892822
                ],
                [
                    -7.678696078983194e-08,
                    1.0000001192092896,
                    -1.9099005044154183e-08,
                    1.0
                ],
                [
                    0,
                    0,
                    0,
                    1
                ]
            ]
        },
        {
            "file_path": "/Users/yanghyeonseo/gitprojects/render_dataset/output/z_0_014.png",
            "transform_matrix": [
                [
                    -0.5299193263053894,
                    -7.772885624035553e-08,
                    -0.8480480313301086,
                    -8.480480194091797
                ],
                [
                    -0.8480480313301086,
                    6.792138407263337e-08,
                    0.5299193263053894,
                    5.299193859100342
                ],
                [
                    4.0039260795765585e-09,
                    1.0,
                    -7.952847624892456e-08,
                    1.0
                ],
                [
                    0,
                    0,
                    0,
                    1
                ]
            ]
        },
        {
            "file_path": "/Users/yanghyeonseo/gitprojects/render_dataset/output/z_0_015.png",
            "transform_matrix": [
                [
                    -0.4999998211860657,
                    -3.650023927548318e-08,
                    -0.866025447845459,
                    -8.66025447845459
                ],
                [
                    -0.866025447845459,
                    1.5676745235282397e-08,
                    0.49999985098838806,
                    4.999999046325684
                ],
                [
                    -3.650023927548318e-08,
                    0.9999999403953552,
                    1.5676745235282397e-08,
                    1.0
                ],
                [
                    0,
                    0,
                    0,
                    1
                ]
            ]
        },
        {
            "file_path": "/Users/yanghyeonseo/gitprojects/render_dataset/output/z_0_016.png",
            "transform_matrix": [
                [
                    -0.4694717228412628,
                    -3.612690235854643e-08,
                    -0.8829476237297058,
                    -8.829475402832031
                ],
                [
                    -0.8829476237297058,
                    -7.710269045446694e-08,
                    0.46947166323661804,
                    4.694716453552246
                ],
                [
                    -3.612690235854643e-08,
                    1.0,
                    -7.710269045446694e-08,
                    1.0
                ],
                [
                    0,
                    0,
                    0,
                    1
                ]
            ]
        },
        {
            "file_path": "/Users/yanghyeonseo/gitprojects/render_dataset/output/z_0_017.png",
            "transform_matrix": [
                [
                    -0.438370943069458,
                    -3.57425520292054e-08,
                    -0.8987941145896912,
                    -8.987940788269043
                ],
                [
                    -0.8987941145896912,
                    -1.6278552950055314e-09,
                    0.438370943069458,
                    4.383709907531738
                ],
                [
                    -3.57425520292054e-08,
                    1.0,
                    -1.6278552950055314e-09,
                    1.0
                ],
                [
                    0,
                    0,
                    0,
                    1
                ]
            ]
        },
        {
            "file_path": "/Users/yanghyeonseo/gitprojects/render_dataset/output/z_0_018.png",
            "transform_matrix": [
                [
                    -0.4067366421222687,
                    1.0562317243056896e-08,
                    -0.9135454893112183,
                    -9.135454177856445
                ],
                [
                    -0.9135454893112183,
                    -1.1140242150986523e-07,
                    0.4067366421222687,
                    4.067366600036621
                ],
                [
                    -8.125696382421665e-08,
                    1.0,
                    2.998686099431325e-08,
                    1.0
                ],
                [
                    0,
                    0,
                    0,
                    1
                ]
            ]
        },
        {
            "file_path": "/Users/yanghyeonseo/gitprojects/render_dataset/output/z_0_019.png",
            "transform_matrix": [
                [
                    -0.3746068775653839,
                    1.2195108922696818e-08,
                    -0.9271838665008545,
                    -9.271838188171387
                ],
                [
                    -0.9271838665008545,
                    -1.8206368679329898e-07,
                    0.37460678815841675,
                    3.746068000793457
                ],
                [
                    -8.207775437085729e-08,
                    1.0000001192092896,
                    -4.2298385238837e-08,
                    1.0
                ],
                [
                    0,
                    0,
                    0,
                    1
                ]
            ]
        },
        {
            "file_path": "/Users/yanghyeonseo/gitprojects/render_dataset/output/z_0_020.png",
            "transform_matrix": [
                [
                    -0.34202009439468384,
                    1.3824209332824466e-08,
                    -0.9396927356719971,
                    -9.396926879882812
                ],
                [
                    -0.9396927356719971,
                    -1.6853762474511313e-07,
                    0.3420200049877167,
                    3.4202005863189697
                ],
                [
                    -8.28735622349086e-08,
                    1.0000001192092896,
                    -3.043891894094486e-08,
                    1.0
                ],
                [
                    0,
                    0,
                    0,
                    1
                ]
            ]
        },
        {
            "file_path": "/Users/yanghyeonseo/gitprojects/render_dataset/output/z_0_021.png",
            "transform_matrix": [
                [
                    -0.3090170621871948,
                    -3.409751769822833e-08,
                    -0.9510565400123596,
                    -9.510564804077148
                ],
                [
                    -0.9510565400123596,
                    -4.701124822759084e-08,
                    0.3090170621871948,
                    3.0901708602905273
                ],
                [
                    -3.409751769822833e-08,
                    1.0,
                    -4.701124822759084e-08,
                    1.0
                ],
                [
                    0,
                    0,
                    0,
                    1
                ]
            ]
        },
        {
            "file_path": "/Users/yanghyeonseo/gitprojects/render_dataset/output/z_0_022.png",
            "transform_matrix": [
                [
                    -0.275637149810791,
                    1.7069258007040844e-08,
                    -0.9612618684768677,
                    -9.612617492675781
                ],
                [
                    -0.9612618684768677,
                    -1.6609227770914003e-07,
                    0.27563709020614624,
                    2.7563719749450684
                ],
                [
                    -8.438919252284904e-08,
                    1.0000001192092896,
                    -3.145240157209628e-08,
                    1.0
                ],
                [
                    0,
                    0,
                    0,
                    1
                ]
            ]
        },
        {
            "file_path": "/Users/yanghyeonseo/gitprojects/render_dataset/output/z_0_023.png",
            "transform_matrix": [
                [
                    -0.2419218271970749,
                    -8.510854598853257e-08,
                    -0.9702956676483154,
                    -9.702957153320312
                ],
                [
                    -0.9702956676483154,
                    9.158590330571315e-08,
                    0.24192188680171967,
                    2.4192192554473877
                ],
                [
                    1.868421151129951e-08,
                    0.9999999403953552,
                    -4.126277275418033e-08,
                    1.0
                ],
                [
                    0,
                    0,
                    0,
                    1
                ]
            ]
        },
        {
            "file_path": "/Users/yanghyeonseo/gitprojects/render_dataset/output/z_0_024.png",
            "transform_matrix": [
                [
                    -0.2079119235277176,
                    -8.580198596064292e-08,
                    -0.9781475067138672,
                    -9.781476020812988
                ],
                [
                    -0.9781475067138672,
                    6.032716726167564e-08,
                    0.20791193842887878,
                    2.0791192054748535
                ],
                [
                    2.0293477120958414e-08,
                    1.0,
                    -7.068985752312074e-08,
                    1.0
                ],
                [
                    0,
                    0,
                    0,
                    1
                ]
            ]
        },
        {
            "file_path": "/Users/yanghyeonseo/gitprojects/render_dataset/output/z_0_025.png",
            "transform_matrix": [
                [
                    -0.17364813387393951,
                    -3.228635847563055e-08,
                    -0.9848078489303589,
                    -9.848077774047852
                ],
                [
                    -0.9848078489303589,
                    -9.086869567909162e-08,
                    0.17364807426929474,
                    1.7364813089370728
                ],
                [
                    -3.228635847563055e-08,
                    1.0000001192092896,
                    -9.086869567909162e-08,
                    1.0
                ],
                [
                    0,
                    0,
                    0,
                    1
                ]
            ]
        },
        {
            "file_path": "/Users/yanghyeonseo/gitprojects/render_dataset/output/z_0_026.png",
            "transform_matrix": [
                [
                    -0.139173224568367,
                    -3.1808632172669604e-08,
                    -0.9902680516242981,
                    -9.902680397033691
                ],
                [
                    -0.9902680516242981,
                    -3.5627343297761627e-09,
                    0.1391732543706894,
                    1.3917325735092163
                ],
                [
                    -3.1808632172669604e-08,
                    1.0,
                    -3.5627343297761627e-09,
                    1.0
                ],
                [
                    0,
                    0,
                    0,
                    1
                ]
            ]
        },
        {
            "file_path": "/Users/yanghyeonseo/gitprojects/render_dataset/output/z_0_027.png",
            "transform_matrix": [
                [
                    -0.10452833026647568,
                    -3.132121051407921e-08,
                    -0.9945219159126282,
                    -9.945219039916992
                ],
                [
                    -0.9945219159126282,
                    -6.016172449108126e-08,
                    0.10452830046415329,
                    1.045283317565918
                ],
                [
                    -3.132121051407921e-08,
                    1.0,
                    -6.016172449108126e-08,
                    1.0
                ],
                [
                    0,
                    0,
                    0,
                    1
                ]
            ]
        },
        {
            "file_path": "/Users/yanghyeonseo/gitprojects/render_dataset/output/z_0_028.png",
            "transform_matrix": [
                [
                    -0.06975645571947098,
                    -3.082425337197492e-08,
                    -0.9975640773773193,
                    -9.975640296936035
                ],
                [
                    -0.9975640773773193,
                    -2.5365011424582917e-08,
                    0.06975645571947098,
                    0.6975654363632202
                ],
                [
                    -3.082425337197492e-08,
                    1.0,
                    -2.5365011424582917e-08,
                    1.0
                ],
                [
                    0,
                    0,
                    0,
                    1
                ]
            ]
        },
        {
            "file_path": "/Users/yanghyeonseo/gitprojects/render_dataset/output/z_0_029.png",
            "transform_matrix": [
                [
                    -0.034899190068244934,
                    -8.887323588169238e-08,
                    -0.9993908405303955,
                    -9.993907928466797
                ],
                [
                    -0.9993908405303955,
                    3.649772040148491e-08,
                    0.03489919379353523,
                    0.34899288415908813
                ],
                [
                    2.8237430171884625e-08,
                    1.0,
                    -8.477388035998956e-08,
                    1.0
                ],
                [
                    0,
                    0,
                    0,
                    1
                ]
            ]
        },
        {
            "file_path": "/Users/yanghyeonseo/gitprojects/render_dataset/output/z_0_030.png",
            "transform_matrix": [
                [
                    -2.220446049250313e-16,
                    0.0,
                    -1.0,
                    -10.0
                ],
                [
                    -1.0,
                    -2.220446049250313e-16,
                    0.0,
                    -1.1924880993774423e-07
                ],
                [
                    0.0,
                    1.0,
                    -2.220446049250313e-16,
                    1.0
                ],
                [
                    0,
                    0,
                    0,
                    1
                ]
            ]
        },
        {
            "file_path": "/Users/yanghyeonseo/gitprojects/render_dataset/output/z_0_031.png",
            "transform_matrix": [
                [
                    0.03489919751882553,
                    -3.031790285490388e-08,
                    -0.9993909001350403,
                    -9.993907928466797
                ],
                [
                    -0.9993909001350403,
                    -2.6218550885914738e-08,
                    -0.03489925339818001,
                    -0.34899309277534485
                ],
                [
                    3.031790285490388e-08,
                    1.0,
                    -8.477388035998956e-08,
                    1.0
                ],
                [
                    0,
                    0,
                    0,
                    1
                ]
            ]
        },
        {
            "file_path": "/Users/yanghyeonseo/gitprojects/render_dataset/output/z_0_032.png",
            "transform_matrix": [
                [
                    0.06975646317005157,
                    -3.082425337197492e-08,
                    -0.9975640773773193,
                    -9.975640296936035
                ],
                [
                    -0.9975640773773193,
                    3.2123150361940134e-08,
                    -0.06975645571947098,
                    -0.6975656747817993
                ],
                [
                    3.082425337197492e-08,
                    1.0,
                    -2.5365011424582917e-08,
                    1.0
                ],
                [
                    0,
                    0,
                    0,
                    1
                ]
            ]
        },
        {
            "file_path": "/Users/yanghyeonseo/gitprojects/render_dataset/output/z_0_033.png",
            "transform_matrix": [
                [
                    0.1045282706618309,
                    -3.132121051407921e-08,
                    -0.9945219159126282,
                    -9.945219039916992
                ],
                [
                    -0.9945219159126282,
                    -3.758225730621234e-09,
                    -0.10452830046415329,
                    -1.045283555984497
                ],
                [
                    3.132121051407921e-08,
                    1.0,
                    -6.016172449108126e-08,
                    1.0
                ],
                [
                    0,
                    0,
                    0,
                    1
                ]
            ]
        },
        {
            "file_path": "/Users/yanghyeonseo/gitprojects/render_dataset/output/z_0_034.png",
            "transform_matrix": [
                [
                    0.13917328417301178,
                    -3.1808632172669604e-08,
                    -0.9902680516242981,
                    -9.902680397033691
                ],
                [
                    -0.9902680516242981,
                    5.173890116338953e-08,
                    -0.1391732543706894,
                    -1.3917326927185059
                ],
                [
                    3.1808632172669604e-08,
                    1.0,
                    -3.5627343297761627e-09,
                    1.0
                ],
                [
                    0,
                    0,
                    0,
                    1
                ]
            ]
        },
        {
            "file_path": "/Users/yanghyeonseo/gitprojects/render_dataset/output/z_0_035.png",
            "transform_matrix": [
                [
                    0.1736478954553604,
                    -3.228635847563055e-08,
                    -0.9848079085350037,
                    -9.848077774047852
                ],
                [
                    -0.9848079085350037,
                    -9.086869567909162e-08,
                    -0.17364801466464996,
                    -1.7364814281463623
                ],
                [
                    3.228635847563055e-08,
                    1.0000001192092896,
                    -1.4505165779610252e-07,
                    1.0
                ],
                [
                    0,
                    0,
                    0,
                    1
                ]
            ]
        },
        {
            "file_path": "/Users/yanghyeonseo/gitprojects/render_dataset/output/z_0_036.png",
            "transform_matrix": [
                [
                    0.20791153609752655,
                    -3.2754250867128576e-08,
                    -0.9781476259231567,
                    -9.781476020812988
                ],
                [
                    -0.9781476259231567,
                    3.2200954791505865e-08,
                    -0.20791153609752655,
                    -2.0791146755218506
                ],
                [
                    3.2754250867128576e-08,
                    1.0,
                    -2.084679096014952e-08,
                    1.0
                ],
                [
                    0,
                    0,
                    0,
                    1
                ]
            ]
        },
        {
            "file_path": "/Users/yanghyeonseo/gitprojects/render_dataset/output/z_0_037.png",
            "transform_matrix": [
                [
                    0.24192193150520325,
                    -8.510854598853257e-08,
                    -0.9702956676483154,
                    -9.702957153320312
                ],
                [
                    -0.9702956676483154,
                    1.0633605995735707e-08,
                    -0.24192188680171967,
                    -2.419219493865967
                ],
                [
                    -1.868421151129951e-08,
                    0.9999999403953552,
                    -4.126277630689401e-08,
                    1.0
                ],
                [
                    0,
                    0,
                    0,
                    1
                ]
            ]
        },
        {
            "file_path": "/Users/yanghyeonseo/gitprojects/render_dataset/output/z_0_038.png",
            "transform_matrix": [
                [
                    0.2756370007991791,
                    1.7069258007040844e-08,
                    -0.9612618684768677,
                    -9.612617492675781
                ],
                [
                    -0.9612618684768677,
                    1.9276823692848666e-08,
                    -0.27563709020614624,
                    -2.7563719749450684
                ],
                [
                    8.438919252284904e-08,
                    1.0000001192092896,
                    -3.145240157209628e-08,
                    1.0
                ],
                [
                    0,
                    0,
                    0,
                    1
                ]
            ]
        },
        {
            "file_path": "/Users/yanghyeonseo/gitprojects/render_dataset/output/z_0_039.png",
            "transform_matrix": [
                [
                    0.30901703238487244,
                    1.5449071355533306e-08,
                    -0.9510565996170044,
                    -9.510564804077148
                ],
                [
                    -0.9510565996170044,
                    2.53534238048303e-09,
                    -0.3090171217918396,
                    -3.0901713371276855
                ],
                [
                    8.364411030470364e-08,
                    1.0000001192092896,
                    -4.701124822759084e-08,
                    1.0
                ],
                [
                    0,
                    0,
                    0,
                    1
                ]
            ]
        },
        {
            "file_path": "/Users/yanghyeonseo/gitprojects/render_dataset/output/z_0_040.png",
            "transform_matrix": [
                [
                    0.34202003479003906,
                    -8.287355512948125e-08,
                    -0.9396926760673523,
                    -9.396925926208496
                ],
                [
                    -0.9396926760673523,
                    -7.183985673009374e-08,
                    -0.34202006459236145,
                    -3.420200824737549
                ],
                [
                    -1.3824205780110788e-08,
                    1.0,
                    -1.2018874429031712e-07,
                    1.0
                ],
                [
                    0,
                    0,
                    0,
                    1
                ]
            ]
        },
        {
            "file_path": "/Users/yanghyeonseo/gitprojects/render_dataset/output/z_0_041.png",
            "transform_matrix": [
                [
                    0.3746066093444824,
                    1.2195112475410497e-08,
                    -0.9271839261054993,
                    -9.27183723449707
                ],
                [
                    -0.9271839261054993,
                    -4.2298385238837e-08,
                    -0.374606728553772,
                    -3.746068000793457
                ],
                [
                    8.207776147628465e-08,
                    1.0000001192092896,
                    -8.943482043832773e-08,
                    1.0
                ],
                [
                    0,
                    0,
                    0,
                    1
                ]
            ]
        },
        {
            "file_path": "/Users/yanghyeonseo/gitprojects/render_dataset/output/z_0_042.png",
            "transform_matrix": [
                [
                    0.4067366123199463,
                    1.0562317243056896e-08,
                    -0.9135454893112183,
                    -9.135454177856445
                ],
                [
                    -0.9135454893112183,
                    7.589650152795002e-08,
                    -0.4067366421222687,
                    -4.067366600036621
                ],
                [
                    8.125696382421665e-08,
                    1.0,
                    2.998686099431325e-08,
                    1.0
                ],
                [
                    0,
                    0,
                    0,
                    1
                ]
            ]
        },
        {
            "file_path": "/Users/yanghyeonseo/gitprojects/render_dataset/output/z_0_043.png",
            "transform_matrix": [
                [
                    0.4383709728717804,
                    -3.57425520292054e-08,
                    -0.8987941145896912,
                    -8.987940788269043
                ],
                [
                    -0.8987941145896912,
                    4.304100542640299e-08,
                    -0.438370943069458,
                    -4.383709907531738
                ],
                [
                    3.57425520292054e-08,
                    1.0,
                    -1.6278552950055314e-09,
                    1.0
                ],
                [
                    0,
                    0,
                    0,
                    1
                ]
            ]
        },
        {
            "file_path": "/Users/yanghyeonseo/gitprojects/render_dataset/output/z_0_044.png",
            "transform_matrix": [
                [
                    0.46947160363197327,
                    -3.612690235854643e-08,
                    -0.8829476237297058,
                    -8.829475402832031
                ],
                [
                    -0.8829476237297058,
                    -3.36882308715758e-08,
                    -0.46947166323661804,
                    -4.694716453552246
                ],
                [
                    3.612690235854643e-08,
                    1.0,
                    -7.710269045446694e-08,
                    1.0
                ],
                [
                    0,
                    0,
                    0,
                    1
                ]
            ]
        },
        {
            "file_path": "/Users/yanghyeonseo/gitprojects/render_dataset/output/z_0_045.png",
            "transform_matrix": [
                [
                    0.49999988079071045,
                    -3.650023927548318e-08,
                    -0.866025447845459,
                    -8.66025447845459
                ],
                [
                    -0.866025447845459,
                    5.782359835393436e-08,
                    -0.49999985098838806,
                    -4.999999046325684
                ],
                [
                    3.650023927548318e-08,
                    0.9999999403953552,
                    1.5676745235282397e-08,
                    1.0
                ],
                [
                    0,
                    0,
                    0,
                    1
                ]
            ]
        },
        {
            "file_path": "/Users/yanghyeonseo/gitprojects/render_dataset/output/z_0_046.png",
