{
    "frames": [
        {
            "file_path": "000.png",
            "transform_matrix": [
                [
                    1.0,
                    0.0,
                    0.0,
                    0.0
                ],
                [
                    0.0,
                    3.422854177870249e-08,
                    -0.9999999403953552,
                    -10.0
                ],
                [
                    0.0,
                    0.9999999403953552,
                    3.422854177870249e-08,
                    1.0
                ],
                [
                    0,
                    0,
                    0,
                    1
                ]
            ]
        },
        {
            "file_path": "001.png",
            "transform_matrix": [
                [
                    0.9848077297210693,
                    5.248308454497419e-09,
                    0.17364820837974548,
                    1.736481785774231
                ],
                [
                    0.17364820837974548,
                    -3.0453477961600584e-08,
                    -0.9848077893257141,
                    -9.848077774047852
                ],
                [
                    -5.248308454497419e-09,
                    1.0,
                    -3.137181181500637e-08,
                    1.0
                ],
                [
                    0,
                    0,
                    0,
                    1
                ]
            ]
        },
        {
            "file_path": "002.png",
            "transform_matrix": [
                [
                    0.9396926164627075,
                    1.0376636438991227e-08,
                    0.342020183801651,
                    3.420201301574707
                ],
                [
                    0.342020183801651,
                    -1.201740502665416e-07,
                    -0.9396927356719971,
                    -9.396925926208496
                ],
                [
                    -1.0376636438991227e-08,
                    1.0000001192092896,
                    -1.238334164099797e-07,
                    1.0
                ],
                [
                    0,
                    0,
                    0,
                    1
                ]
            ]
        },
        {
            "file_path": "003.png",
            "transform_matrix": [
                [
                    0.8660253882408142,
                    2.1816813244868172e-08,
                    0.4999999701976776,
                    5.0
                ],
                [
                    0.4999999701976776,
                    -5.449911455457368e-08,
                    -0.8660253882408142,
                    -8.660253524780273
                ],
                [
                    2.1816813244868172e-08,
                    1.0,
                    -5.449911455457368e-08,
                    1.0
                ],
                [
                    0,
                    0,
                    0,
                    1
                ]
            ]
        },
        {
            "file_path": "004.png",
            "transform_matrix": [
                [
                    0.7660444378852844,
                    -2.8830143605773628e-08,
                    0.6427876949310303,
                    6.427875518798828
                ],
                [
                    0.6427876949310303,
                    -6.032931310073764e-08,
                    -0.766044557094574,
                    -7.660444259643555
                ],
                [
                    -2.8830143605773628e-08,
                    1.0000001192092896,
                    -6.032931310073764e-08,
                    1.0
                ],
                [
                    0,
                    0,
                    0,
                    1
                ]
            ]
        },
        {
            "file_path": "005.png",
            "transform_matrix": [
                [
                    0.6427875757217407,
                    2.5739623765730357e-09,
                    0.7660444974899292,
                    7.660444259643555
                ],
                [
                    0.7660444974899292,
                    8.237464044213993e-10,
                    -0.6427876949310303,
                    -6.4278764724731445
                ],
                [
                    -7.382207911632577e-08,
                    1.0000001192092896,
                    -3.480030841274129e-08,
                    1.0
                ],
                [
                    0,
                    0,
                    0,
                    1
                ]
            ]
        },
        {
            "file_path": "006.png",
            "transform_matrix": [
                [
                    0.4999999701976776,
                    7.86470906177783e-08,
                    0.8660253882408142,
                    8.66025447845459
                ],
                [
                    0.8660253882408142,
                    -4.6030518063844283e-08,
                    -0.4999999701976776,
                    -4.999999523162842
                ],
                [
                    5.646608514098261e-09,
                    1.0,
                    -8.817736585342573e-08,
                    1.0
                ],
                [
                    0,
                    0,
                    0,
                    1
                ]
            ]
        },
        {
            "file_path": "007.png",
            "transform_matrix": [
                [
                    0.3420201241970062,
                    8.287355512948125e-08,
                    0.9396926164627075,
                    9.396925926208496
                ],
                [
                    0.9396926164627075,
                    -2.3490978051654565e-08,
                    -0.3420201241970062,
                    -3.420201539993286
                ],
                [
                    1.3824202227397109e-08,
                    1.0,
                    -7.183985673009374e-08,
                    1.0
                ],
                [
                    0,
                    0,
                    0,
                    1
                ]
            ]
        },
        {
            "file_path": "008.png",
            "transform_matrix": [
                [
                    0.1736478954553604,
                    -2.1896592983239316e-08,
                    0.9848079681396484,
                    9.848077774047852
                ],
                [
                    0.9848079681396484,
                    -9.086869567909162e-08,
                    -0.17364807426929474,
                    -1.7364822626113892
                ],
                [
                    -8.64693134872141e-08,
                    1.000000238418579,
                    -1.4505165779610252e-07,
                    1.0
                ],
                [
                    0,
                    0,
                    0,
                    1
                ]
            ]
        },
        {
            "file_path": "009.png",
            "transform_matrix": [
                [
                    -2.220446049250313e-16,
                    0.0,
                    1.0,
                    10.0
                ],
                [
                    1.0,
                    -2.220446049250313e-16,
                    0.0,
                    4.37113897078234e-07
                ],
                [
                    0.0,
                    1.0,
                    -2.220446049250313e-16,
                    1.0
                ],
                [
                    0,
                    0,
                    0,
                    1
                ]
            ]
        },
        {
            "file_path": "010.png",
            "transform_matrix": [
                [
                    -0.17364826798439026,
                    -2.1896592983239316e-08,
                    0.9848079681396484,
                    9.848077774047852
                ],
                [
                    0.9848079681396484,
                    -2.7419710590947943e-07,
                    0.17364807426929474,
                    1.7364819049835205
                ],
                [
                    8.64693134872141e-08,
                    1.000000238418579,
                    -1.4505165779610252e-07,
                    1.0
                ],
                [
                    0,
                    0,
                    0,
                    1
                ]
            ]
        },
        {
            "file_path": "011.png",
            "transform_matrix": [
                [
                    -0.34202009439468384,
                    8.287355512948125e-08,
                    0.9396926760673523,
                    9.396925926208496
                ],
                [
                    0.9396926760673523,
                    1.7909966842921676e-08,
                    0.34202006459236145,
                    3.420201301574707
                ],
                [
                    -1.3824205780110788e-08,
                    1.0,
                    -1.2018874429031712e-07,
                    1.0
                ],
                [
                    0,
                    0,
                    0,
                    1
                ]
            ]
        },
        {
            "file_path": "012.png",
            "transform_matrix": [
                [
                    -0.4999999701976776,
                    4.214684778958144e-08,
                    0.8660253882408142,
                    8.660253524780273
                ],
                [
                    0.8660253882408142,
                    9.997044969622948e-08,
                    0.5,
                    5.000000476837158
                ],
                [
                    -4.214684778958144e-08,
                    1.0,
                    -4.6030518063844283e-08,
                    1.0
                ],
                [
                    0,
                    0,
                    0,
                    1
                ]
            ]
        },
        {
            "file_path": "013.png",
            "transform_matrix": [
                [
                    -0.642787754535675,
                    2.5739623765730357e-09,
                    0.7660444974899292,
                    7.660444259643555
                ],
                [
                    0.7660444974899292,
                    -1.875923913985389e-07,
                    0.6427876949310303,
                    6.4278764724731445
                ],
                [
                    7.382207911632577e-08,
                    1.0000001192092896,
                    -3.480030841274129e-08,
                    1.0
                ],
                [
                    0,
                    0,
                    0,
                    1
                ]
            ]
        },
        {
            "file_path": "014.png",
            "transform_matrix": [
                [
                    -0.7660443782806396,
                    -2.8830145382130468e-08,
                    0.6427876949310303,
                    6.4278764724731445
                ],
                [
                    0.6427876949310303,
                    -7.474438490362445e-08,
                    0.7660443782806396,
                    7.660444259643555
                ],
                [
                    2.8830145382130468e-08,
                    1.0,
                    8.36759426192657e-08,
                    1.0
                ],
                [
                    0,
                    0,
                    0,
                    1
                ]
            ]
        },
        {
            "file_path": "015.png",
            "transform_matrix": [
                [
                    -0.8660253882408142,
                    2.181681502122501e-08,
                    0.5,
                    5.000000476837158
                ],
                [
                    0.5,
                    9.743539663986667e-08,
                    0.8660253882408142,
                    8.660253524780273
                ],
                [
                    -2.181681502122501e-08,
                    1.0,
                    -6.540751940065093e-08,
                    1.0
                ],
                [
                    0,
                    0,
                    0,
                    1
                ]
            ]
        },
        {
            "file_path": "016.png",
            "transform_matrix": [
                [
                    -0.9396926760673523,
                    6.115820738727962e-09,
                    0.3420202434062958,
                    3.4202022552490234
                ],
                [
                    0.3420202434062958,
                    -1.4213023291631544e-07,
                    0.9396926164627075,
                    9.396925926208496
                ],
                [
                    3.5390723240880106e-08,
                    1.0,
                    2.3895950107544195e-08,
                    1.0
                ],
                [
                    0,
                    0,
                    0,
                    1
                ]
            ]
        },
        {
            "file_path": "017.png",
            "transform_matrix": [
                [
                    -0.9848077893257141,
                    5.248308454497419e-09,
                    0.17364831268787384,
                    1.7364829778671265
                ],
                [
                    0.17364831268787384,
                    -4.05551681126326e-08,
                    0.9848077893257141,
                    9.848077774047852
                ],
                [
                    5.248308454497419e-09,
                    1.0,
                    -4.05551681126326e-08,
                    1.0
                ],
                [
                    0,
                    0,
                    0,
                    1
                ]
            ]
        },
        {
            "file_path": "018.png",
            "transform_matrix": [
                [
                    -0.9999999403953552,
                    0.0,
                    -8.742277657347586e-08,
                    -8.74227794156468e-07
                ],
                [
                    -8.742277657347586e-08,
                    3.4228538225988814e-08,
                    0.9999999403953552,
                    10.0
                ],
                [
                    0.0,
                    0.9999999403953552,
                    3.4228538225988814e-08,
                    1.0
                ],
                [
                    0,
                    0,
                    0,
                    1
                ]
            ]
        },
        {
            "file_path": "019.png",
            "transform_matrix": [
                [
                    -0.9848077893257141,
                    -5.248308454497419e-09,
                    -0.17364825308322906,
                    -1.7364822626113892
                ],
                [
                    -0.17364825308322906,
                    -3.504515433405686e-08,
                    0.9848077893257141,
                    9.848077774047852
                ],
                [
                    -5.248308454497419e-09,
                    1.0,
                    -3.504515433405686e-08,
                    1.0
                ],
                [
                    0,
                    0,
                    0,
                    1
                ]
            ]
        },
        {
            "file_path": "020.png",
            "transform_matrix": [
                [
                    -0.9396926760673523,
                    -6.115823403263221e-09,
                    -0.342020183801651,
                    -3.420201539993286
                ],
                [
                    -0.342020183801651,
                    -1.3115213448600116e-07,
                    0.9396926760673523,
                    9.396925926208496
                ],
                [
                    -3.539071968816643e-08,
                    1.0,
                    3.4874037879717434e-08,
                    1.0
                ],
                [
                    0,
                    0,
                    0,
                    1
                ]
            ]
        },
        {
            "file_path": "021.png",
            "transform_matrix": [
                [
                    -0.8660253882408142,
                    -4.217217508539761e-08,
                    -0.4999999403953552,
                    -4.999999523162842
                ],
                [
                    -0.4999999403953552,
                    1.0834380503865759e-07,
                    0.8660253882408142,
                    8.660253524780273
                ],
                [
                    1.4614478516250529e-09,
                    0.9999999403953552,
                    -5.449911455457368e-08,
                    1.0
                ],
                [
                    0,
                    0,
                    0,
                    1
                ]
            ]
        },
        {
            "file_path": "022.png",
            "transform_matrix": [
                [
                    -0.766044557094574,
                    0.0,
                    -0.6427875757217407,
                    -6.427875518798828
                ],
                [
                    -0.6427875757217407,
                    -3.1499173047677687e-08,
                    0.7660444974899292,
                    7.660445213317871
                ],
                [
                    0.0,
                    1.0,
                    -3.1499173047677687e-08,
                    1.0
                ],
                [
                    0,
                    0,
                    0,
                    1
                ]
            ]
        },
        {
            "file_path": "023.png",
            "transform_matrix": [
                [
                    -0.6427874565124512,
                    3.5624065475303723e-08,
                    -0.7660446166992188,
                    -7.660445690155029
                ],
                [
                    -0.7660446166992188,
                    -1.0604843225792138e-07,
                    0.6427874565124512,
                    6.42787504196167
                ],
                [
                    -3.5624065475303723e-08,
                    1.0,
                    4.6743629411594156e-08,
                    1.0
                ],
                [
                    0,
                    0,
                    0,
                    1
                ]
            ]
        },
        {
            "file_path": "024.png",
            "transform_matrix": [
                [
                    -0.4999998211860657,
                    -3.650023927548318e-08,
                    -0.866025447845459,
                    -8.66025447845459
                ],
                [
                    -0.866025447845459,
                    1.5676745235282397e-08,
                    0.49999985098838806,
                    4.999999046325684
                ],
                [
                    -3.650023927548318e-08,
                    0.9999999403953552,
                    1.5676745235282397e-08,
                    1.0
                ],
                [
                    0,
                    0,
                    0,
                    1
                ]
            ]
        },
        {
            "file_path": "025.png",
            "transform_matrix": [
                [
                    -0.34202009439468384,
                    1.3824209332824466e-08,
                    -0.9396927356719971,
                    -9.396926879882812
                ],
                [
                    -0.9396927356719971,
                    -1.6853762474511313e-07,
                    0.3420200049877167,
                    3.4202005863189697
                ],
                [
                    -8.28735622349086e-08,
                    1.0000001192092896,
                    -3.043891894094486e-08,
                    1.0
                ],
                [
                    0,
                    0,
                    0,
                    1
                ]
            ]
        },
        {
            "file_path": "026.png",
            "transform_matrix": [
                [
                    -0.17364813387393951,
                    -3.228635847563055e-08,
                    -0.9848078489303589,
                    -9.848077774047852
                ],
                [
                    -0.9848078489303589,
                    -9.086869567909162e-08,
                    0.17364807426929474,
                    1.7364813089370728
                ],
                [
                    -3.228635847563055e-08,
                    1.0000001192092896,
                    -9.086869567909162e-08,
                    1.0
                ],
                [
                    0,
                    0,
                    0,
                    1
                ]
            ]
        },
        {
            "file_path": "027.png",
            "transform_matrix": [
                [
                    -2.220446049250313e-16,
                    0.0,
                    -1.0,
                    -10.0
                ],
                [
                    -1.0,
                    -2.220446049250313e-16,
                    0.0,
                    -1.1924880993774423e-07
                ],
                [
                    0.0,
                    1.0,
                    -2.220446049250313e-16,
                    1.0
                ],
                [
                    0,
                    0,
                    0,
                    1
                ]
            ]
        },
        {
            "file_path": "028.png",
            "transform_matrix": [
                [
                    0.1736478954553604,
                    -3.228635847563055e-08,
                    -0.9848079085350037,
                    -9.848077774047852
                ],
                [
                    -0.9848079085350037,
                    -9.086869567909162e-08,
                    -0.17364801466464996,
                    -1.7364814281463623
                ],
                [
                    3.228635847563055e-08,
                    1.0000001192092896,
                    -1.4505165779610252e-07,
                    1.0
                ],
                [
                    0,
                    0,
                    0,
                    1
                ]
            ]
        },
        {
            "file_path": "029.png",
            "transform_matrix": [
                [
                    0.34202003479003906,
                    -8.287355512948125e-08,
                    -0.9396926760673523,
                    -9.396925926208496
                ],
                [
                    -0.9396926760673523,
                    -7.183985673009374e-08,
                    -0.34202006459236145,
                    -3.420200824737549
                ],
                [
                    -1.3824205780110788e-08,
                    1.0,
                    -1.2018874429031712e-07,
                    1.0
                ],
                [
                    0,
                    0,
                    0,
                    1
                ]
            ]
        },
        {
            "file_path": "030.png",
            "transform_matrix": [
                [
                    0.49999988079071045,
                    -3.650023927548318e-08,
                    -0.866025447845459,
                    -8.66025447845459
                ],
                [
                    -0.866025447845459,
                    5.782359835393436e-08,
                    -0.49999985098838806,
                    -4.999999046325684
                ],
                [
                    3.650023927548318e-08,
                    0.9999999403953552,
                    1.5676745235282397e-08,
                    1.0
                ],
                [
                    0,
                    0,
                    0,
                    1
                ]
            ]
        },
        {
            "file_path": "031.png",
            "transform_matrix": [
                [
                    0.6427874565124512,
                    -2.5739517184319993e-09,
                    -0.766044557094574,
                    -7.660445213317871
                ],
                [
                    -0.766044557094574,
                    8.23676913341842e-08,
                    -0.6427874565124512,
                    -6.42787504196167
                ],
                [
                    7.382207911632577e-08,
                    1.0,
                    4.6743629411594156e-08,
                    1.0
                ],
                [
                    0,
                    0,
                    0,
                    1
                ]
            ]
        },
        {
            "file_path": "032.png",
            "transform_matrix": [
                [
                    0.7660443186759949,
                    2.8830150711200986e-08,
                    -0.6427878141403198,
                    -6.427877426147461
                ],
                [
                    -0.6427878141403198,
                    4.04307201051779e-08,
                    -0.7660443186759949,
                    -7.660443305969238
                ],
                [
                    2.8830150711200986e-08,
                    1.0,
                    4.04307201051779e-08,
                    1.0
                ],
                [
                    0,
                    0,
                    0,
                    1
                ]
            ]
        },
        {
            "file_path": "033.png",
            "transform_matrix": [
                [
                    0.8660253286361694,
                    2.181682212665237e-08,
                    -0.5000001788139343,
                    -5.000001907348633
                ],
                [
                    -0.5000001788139343,
                    5.380175949198929e-08,
                    -0.8660253286361694,
                    -8.660253524780273
                ],
                [
                    2.181682212665237e-08,
                    1.0,
                    5.380175949198929e-08,
                    1.0
                ],
                [
                    0,
                    0,
                    0,
                    1
                ]
            ]
        },
        {
            "file_path": "034.png",
            "transform_matrix": [
                [
                    0.9396925568580627,
                    -2.0753271101625614e-08,
                    -0.3420203924179077,
                    -3.420203685760498
                ],
                [
                    -0.3420203924179077,
                    5.599131824851611e-09,
                    -0.9396925568580627,
                    -9.396925926208496
                ],
                [
                    2.0753271101625614e-08,
                    1.0,
                    -1.7195970203331967e-09,
                    1.0
                ],
                [
                    0,
                    0,
                    0,
                    1
                ]
            ]
        },
        {
            "file_path": "035.png",
            "transform_matrix": [
                [
                    0.9848077893257141,
                    -1.0496616908994838e-08,
                    -0.17364798486232758,
                    -1.7364797592163086
                ],
                [
                    -0.17364798486232758,
                    -1.0250118975818623e-08,
                    -0.9848077893257141,
                    -9.848077774047852
                ],
                [
                    1.0496616908994838e-08,
                    1.0,
                    -1.208678668263019e-08,
                    1.0
                ],
                [
                    0,
                    0,
                    0,
                    1
                ]
            ]
        }
    ]
}