{
    "camera_angle_x": 0.6461483836174011,
    "frames": [
        {
            "file_path": "train/000.png",
            "transform_matrix": [
                [
                    1.0,
                    0.0,
                    0.0,
                    0.0
                ],
                [
                    0.0,
                    0.5547001361846924,
                    -0.8320503830909729,
                    -6.0
                ],
                [
                    0.0,
                    0.8320503830909729,
                    0.5547001361846924,
                    4.0
                ],
                [
                    0,
                    0,
                    0,
                    1
                ]
            ]
        },
        {
            "file_path": "train/001.png",
            "transform_matrix": [
                [
                    0.9948217272758484,
                    -0.05637700483202934,
                    0.08456551283597946,
                    0.609810471534729
                ],
                [
                    0.10163509100675583,
                    0.5518278479576111,
                    -0.8277417421340942,
                    -5.968930244445801
                ],
                [
                    -7.064393958700066e-09,
                    0.8320502638816833,
                    0.5547002553939819,
                    4.0
                ],
                [
                    0,
                    0,
                    0,
                    1
                ]
            ]
        },
        {
            "file_path": "train/002.png",
            "transform_matrix": [
                [
                    0.9793406128883362,
                    -0.11217013001441956,
                    0.16825518012046814,
                    1.2133053541183472
                ],
                [
                    0.20221756398677826,
                    0.543240487575531,
                    -0.8148605823516846,
                    -5.876043796539307
                ],
                [
                    3.1613205386804566e-09,
                    0.8320502638816833,
                    0.5547002553939819,
                    4.0
                ],
                [
                    0,
                    0,
                    0,
                    1
                ]
            ]
        },
        {
            "file_path": "train/003.png",
            "transform_matrix": [
                [
                    0.9537169337272644,
                    -0.1668015867471695,
                    0.25020235776901245,
                    1.8042347431182861
                ],
                [
                    0.30070582032203674,
                    0.5290269255638123,
                    -0.7935404777526855,
                    -5.722301483154297
                ],
                [
                    2.600559234622324e-08,
                    0.8320503234863281,
                    0.5547001361846924,
                    4.0
                ],
                [
                    0,
                    0,
                    0,
                    1
                ]
            ]
        },
        {
            "file_path": "train/004.png",
            "transform_matrix": [
                [
                    0.9182161092758179,
                    -0.21970553696155548,
                    0.32955828309059143,
                    2.376478672027588
                ],
                [
                    0.39607977867126465,
                    0.5093346238136292,
                    -0.7640020251274109,
                    -5.509296417236328
                ],
                [
                    2.3744039623352364e-08,
                    0.8320503234863281,
                    0.5547001361846924,
                    4.0
                ],
                [
                    0,
                    0,
                    0,
                    1
                ]
            ]
        },
        {
            "file_path": "train/005.png",
            "transform_matrix": [
                [
                    0.8732057809829712,
                    -0.27033406496047974,
                    0.4055011570453644,
                    2.9241104125976562
                ],
                [
                    0.4873517155647278,
                    0.48436740040779114,
                    -0.7265511155128479,
                    -5.239234924316406
                ],
                [
                    -2.231192119950265e-08,
                    0.8320503234863281,
                    0.5547001957893372,
                    4.0
                ],
                [
                    0,
                    0,
                    0,
                    1
                ]
            ]
        },
        {
            "file_path": "train/006.png",
            "transform_matrix": [
                [
                    0.8191520571708679,
                    -0.3181629776954651,
                    0.47724443674087524,
                    3.4414587020874023
                ],
                [
                    0.5735764503479004,
                    0.4543837606906891,
                    -0.6815757155418396,
                    -4.914912223815918
                ],
                [
                    3.534565706786452e-08,
                    0.8320503234863281,
                    0.5547001957893372,
                    4.0
                ],
                [
                    0,
                    0,
                    0,
                    1
                ]
            ]
        },
        {
            "file_path": "train/007.png",
            "transform_matrix": [
                [
                    0.7566147446632385,
                    -0.3626967668533325,
                    0.5440452098846436,
                    3.9231653213500977
                ],
                [
                    0.6538609266281128,
                    0.4196942448616028,
                    -0.6295416355133057,
                    -4.539689064025879
                ],
                [
                    2.608330440523332e-08,
                    0.8320503830909729,
                    0.5547000765800476,
                    4.0
                ],
                [
                    0,
                    0,
                    0,
                    1
                ]
            ]
        },
        {
            "file_path": "train/008.png",
            "transform_matrix": [
                [
                    0.6862415671348572,
                    -0.403474360704422,
                    0.6052114963531494,
                    4.364242076873779
                ],
                [
                    0.7273737192153931,
                    0.3806583285331726,
                    -0.5709875226020813,
                    -4.117449760437012
                ],
                [
                    1.0794430238547648e-08,
                    0.8320502638816833,
                    0.5547001957893372,
                    4.0
                ],
                [
                    0,
                    0,
                    0,
                    1
                ]
            ]
        },
        {
            "file_path": "train/009.png",
            "transform_matrix": [
                [
                    0.6087614297866821,
                    -0.4400732219219208,
                    0.6601098775863647,
                    4.760119915008545
                ],
                [
                    0.7933533191680908,
                    0.3376801013946533,
                    -0.50652015209198,
                    -3.6525685787200928
                ],
                [
                    -6.96157798074637e-10,
                    0.8320503234863281,
                    0.5547001957893372,
                    4.0
                ],
                [
                    0,
                    0,
                    0,
                    1
                ]
            ]
        },
        {
            "file_path": "train/010.png",
            "transform_matrix": [
                [
                    0.5249766111373901,
                    -0.47211456298828125,
                    0.7081718444824219,
                    5.1066999435424805
                ],
                [
                    0.8511166572570801,
                    0.29120463132858276,
                    -0.43680694699287415,
                    -3.149859666824341
                ],
                [
                    -3.696486672311039e-09,
                    0.8320502638816833,
                    0.5547001957893372,
                    4.0
                ],
                [
                    0,
                    0,
                    0,
                    1
                ]
            ]
        },
        {
            "file_path": "train/011.png",
            "transform_matrix": [
                [
                    0.4357547461986542,
                    -0.49926647543907166,
                    0.7488996982574463,
                    5.400392532348633
                ],
                [
                    0.9000654220581055,
                    0.2417132407426834,
                    -0.3625698387622833,
                    -2.6145284175872803
                ],
                [
                    2.8121277750869922e-08,
                    0.8320502638816833,
                    0.5547001957893372,
                    4.0
                ],
                [
                    0,
                    0,
                    0,
                    1
                ]
            ]
        },
        {
            "file_path": "train/012.png",
            "transform_matrix": [
                [
                    0.34202006459236145,
                    -0.5212476849555969,
                    0.7818715572357178,
                    5.638155937194824
                ],
                [
                    0.9396926760673523,
                    0.1897185742855072,
                    -0.2845779359340668,
                    -2.0521209239959717
                ],
                [
                    1.2418066575037301e-08,
                    0.8320503234863281,
                    0.5547001361846924,
                    4.0
                ],
                [
                    0,
                    0,
                    0,
                    1
                ]
            ]
        },
        {
            "file_path": "train/013.png",
            "transform_matrix": [
                [
                    0.2447431981563568,
                    -0.5378305315971375,
                    0.8067460060119629,
                    5.817527770996094
                ],
                [
                    0.9695879817008972,
                    0.13575905561447144,
                    -0.2036386877298355,
                    -1.4684597253799438
                ],
                [
                    3.431420481092573e-09,
                    0.8320503830909729,
                    0.5547000765800476,
                    4.0
                ],
                [
                    0,
                    0,
                    0,
                    1
                ]
            ]
        },
        {
            "file_path": "train/014.png",
            "transform_matrix": [
                [
                    0.14493203163146973,
                    -0.548843502998352,
                    0.8232651352882385,
                    5.936649799346924
                ],
                [
                    0.9894416332244873,
                    0.08039385080337524,
                    -0.12059071660041809,
                    -0.869591236114502
                ],
                [
                    -1.6917930167892337e-08,
                    0.8320502638816833,
                    0.5547002553939819,
                    4.0
                ],
                [
                    0,
                    0,
                    0,
                    1
                ]
            ]
        },
        {
            "file_path": "train/015.png",
            "transform_matrix": [
                [
                    0.04361926019191742,
                    -0.5541722178459167,
                    0.8312584161758423,
                    5.994289398193359
                ],
                [
                    0.9990482926368713,
                    0.024195557460188866,
                    -0.03629348427057266,
                    -0.26171600818634033
                ],
                [
                    3.5827536493115986e-08,
                    0.8320503830909729,
                    0.5547001361846924,
                    4.0
                ],
                [
                    0,
                    0,
                    0,
                    1
                ]
            ]
        },
        {
            "file_path": "train/016.png",
            "transform_matrix": [
                [
                    -0.058144859969615936,
                    -0.5537617206573486,
                    0.8306426405906677,
                    5.989849090576172
                ],
                [
                    0.9983081817626953,
                    -0.03225301578640938,
                    0.048379410058259964,
                    0.3488689363002777
                ],
                [
                    5.6537132309131266e-08,
                    0.8320503234863281,
                    0.5547001957893372,
                    4.0
                ],
                [
                    0,
                    0,
                    0,
                    1
                ]
            ]
        },
        {
            "file_path": "train/017.png",
            "transform_matrix": [
                [
                    -0.15930692851543427,
                    -0.547616183757782,
                    0.8214243054389954,
                    5.923374652862549
                ],
                [
                    0.9872291088104248,
                    -0.08836755901575089,
                    0.1325513869524002,
                    0.9558414816856384
                ],
                [
                    -3.210740118220201e-08,
                    0.8320503234863281,
                    0.5547001957893372,
                    4.0
                ],
                [
                    0,
                    0,
                    0,
                    1
                ]
            ]
        },
        {
            "file_path": "train/018.png",
            "transform_matrix": [
                [
                    -0.2588191628456116,
                    -0.5357992649078369,
                    0.8036989569664001,
                    5.795555114746094
                ],
                [
                    0.965925931930542,
                    -0.14356710016727448,
                    0.2153504490852356,
                    1.5529142618179321
                ],
                [
                    3.6768870614878324e-08,
                    0.8320503830909729,
                    0.5547001361846924,
                    4.0
                ],
                [
                    0,
                    0,
                    0,
                    1
                ]
            ]
        },
        {
            "file_path": "train/019.png",
            "transform_matrix": [
                [
                    -0.3556508719921112,
                    -0.5184333324432373,
                    0.7776499390602112,
                    5.607713222503662
                ],
                [
                    0.9346189498901367,
                    -0.197279691696167,
                    0.2959193289279938,
                    2.1339049339294434
                ],
                [
                    6.667357865808299e-08,
                    0.8320503234863281,
                    0.5547002553939819,
                    4.0
                ],
                [
                    0,
                    0,
                    0,
                    1
                ]
            ]
        },
        {
            "file_path": "train/020.png",
            "transform_matrix": [
                [
                    -0.44879913330078125,
                    -0.4956982135772705,
                    0.7435473203659058,
                    5.361795902252197
                ],
                [
                    0.8936326503753662,
                    -0.24894894659519196,
                    0.3734234571456909,
                    2.6927950382232666
                ],
                [
                    -2.0153311908188698e-08,
                    0.8320502638816833,
                    0.5547001957893372,
                    4.0
                ],
                [
                    0,
                    0,
                    0,
                    1
                ]
            ]
        },
        {
            "file_path": "train/021.png",
            "transform_matrix": [
                [
                    -0.5372996926307678,
                    -0.4678293764591217,
                    0.7017440795898438,
                    5.0603485107421875
                ],
                [
                    0.8433914184570312,
                    -0.2980402112007141,
                    0.44706034660339355,
                    3.2237977981567383
                ],
                [
                    6.933490226401773e-09,
                    0.8320502638816833,
                    0.5547001957893372,
                    4.0
                ],
                [
                    0,
                    0,
                    0,
                    1
                ]
            ]
        },
        {
            "file_path": "train/022.png",
            "transform_matrix": [
                [
                    -0.6202356815338135,
                    -0.4351154863834381,
                    0.6526732444763184,
                    4.706493377685547
                ],
                [
                    0.784415602684021,
                    -0.34404486417770386,
                    0.5160672664642334,
                    3.7214133739471436
                ],
                [
                    -1.6089984455902595e-08,
                    0.8320503234863281,
                    0.5547001361846924,
                    4.0
                ],
                [
                    0,
                    0,
                    0,
                    1
                ]
            ]
        },
        {
            "file_path": "train/023.png",
            "transform_matrix": [
                [
                    -0.696747899055481,
                    -0.39789536595344543,
                    0.5968431234359741,
                    4.303896903991699
                ],
                [
                    0.7173161506652832,
                    -0.3864861726760864,
                    0.5797292590141296,
                    4.180487155914307
                ],
                [
                    2.7050450768228984e-09,
                    0.8320503234863281,
                    0.5547001361846924,
                    4.0
                ],
                [
                    0,
                    0,
                    0,
                    1
                ]
            ]
        },
        {
            "file_path": "train/024.png",
            "transform_matrix": [
                [
                    -0.766044557094574,
                    -0.35655447840690613,
                    0.534831702709198,
                    3.8567256927490234
                ],
                [
                    0.6427876949310303,
                    -0.4249250590801239,
                    0.6373875141143799,
                    4.596266746520996
                ],
                [
                    -1.815465822119222e-08,
                    0.8320503234863281,
                    0.5547001361846924,
                    4.0
                ],
                [
                    0,
                    0,
                    0,
                    1
                ]
            ]
        },
        {
            "file_path": "train/025.png",
            "transform_matrix": [
                [
                    -0.8274075388908386,
                    -0.3115207552909851,
                    0.4672811031341553,
                    3.369612216949463
                ],
                [
                    0.561601996421814,
                    -0.4589632451534271,
                    0.6884446144104004,
                    4.964445114135742
                ],
                [
                    5.8754210385814076e-08,
                    0.8320502638816833,
                    0.5547002553939819,
                    4.0
                ],
                [
                    0,
                    0,
                    0,
                    1
                ]
            ]
        },
        {
            "file_path": "train/026.png",
            "transform_matrix": [
                [
                    -0.8802013993263245,
                    -0.2632608413696289,
                    0.39489129185676575,
                    2.8476016521453857
                ],
                [
                    0.47460025548934937,
                    -0.4882478713989258,
                    0.7323718070983887,
                    5.2812089920043945
                ],
                [
                    1.3888012517782045e-08,
                    0.8320502638816833,
                    0.5547001957893372,
                    4.0
                ],
                [
                    0,
                    0,
                    0,
                    1
                ]
            ]
        },
        {
            "file_path": "train/027.png",
            "transform_matrix": [
                [
                    -0.9238795042037964,
                    -0.21227459609508514,
                    0.3184119164943695,
                    2.2961008548736572
                ],
                [
                    0.38268348574638367,
                    -0.5124761462211609,
                    0.7687142491340637,
                    5.543276786804199
                ],
                [
                    -9.676917045453592e-09,
                    0.8320503234863281,
                    0.5547001361846924,
                    4.0
                ],
                [
                    0,
                    0,
                    0,
                    1
                ]
            ]
        },
        {
            "file_path": "train/028.png",
            "transform_matrix": [
                [
                    -0.9579894542694092,
                    -0.15908977389335632,
                    0.23863472044467926,
                    1.7208194732666016
                ],
                [
                    0.2868032157421112,
                    -0.5313968658447266,
                    0.7970954775810242,
                    5.747937202453613
                ],
                [
                    9.626793584516236e-09,
                    0.8320503234863281,
                    0.5547001361846924,
                    4.0
                ],
                [
                    0,
                    0,
                    0,
                    1
                ]
            ]
        },
        {
            "file_path": "train/029.png",
            "transform_matrix": [
                [
                    -0.9821780323982239,
                    -0.10425739735364914,
                    0.1563860923051834,
                    1.127716302871704
                ],
                [
                    0.1879526972770691,
                    -0.5448143482208252,
                    0.8172215223312378,
                    5.893068313598633
                ],
                [
                    5.761448651497858e-09,
                    0.8320502638816833,
                    0.5547002553939819,
                    4.0
                ],
                [
                    0,
                    0,
                    0,
                    1
                ]
            ]
        },
        {
            "file_path": "train/030.png",
            "transform_matrix": [
                [
                    -0.9961947202682495,
                    -0.048345256596803665,
                    0.07251787185668945,
                    0.522933840751648
                ],
                [
                    0.08715564012527466,
                    -0.5525895357131958,
                    0.8288840651512146,
                    5.977168083190918
                ],
                [
                    2.4082522642743243e-09,
                    0.8320502638816833,
                    0.5547002553939819,
                    4.0
                ],
                [
                    0,
                    0,
                    0,
                    1
                ]
            ]
        },
        {
            "file_path": "train/031.png",
            "transform_matrix": [
                [
                    -0.9998942017555237,
                    0.008067459799349308,
                    -0.012101192027330399,
                    -0.08726293593645096
                ],
                [
                    -0.014543822035193443,
                    -0.5546415448188782,
                    0.8319622874259949,
                    5.99936580657959
                ],
                [
                    -1.2251158976184229e-09,
                    0.8320502638816833,
                    0.5547001957893372,
                    4.0
                ],
                [
                    0,
                    0,
                    0,
                    1
                ]
            ]
        },
        {
            "file_path": "train/032.png",
            "transform_matrix": [
                [
                    -0.9932385087013245,
                    0.06439676880836487,
                    -0.09659513831138611,
                    -0.6965574026107788
                ],
                [
                    -0.11609291285276413,
                    -0.5509496331214905,
                    0.8264243006706238,
                    5.959429740905762
                ],
                [
                    5.459830365595053e-09,
                    0.8320503234863281,
                    0.5547001957893372,
                    4.0
                ],
                [
                    0,
                    0,
                    0,
                    1
                ]
            ]
        },
        {
            "file_path": "train/033.png",
            "transform_matrix": [
                [
                    -0.9762959480285645,
                    0.12005910277366638,
                    -0.18008866906166077,
                    -1.298637866973877
                ],
                [
                    -0.2164396345615387,
                    -0.5415515303611755,
                    0.8123273849487305,
                    5.857776165008545
                ],
                [
                    -2.5972961559261876e-09,
                    0.8320502638816833,
                    0.5547001957893372,
                    4.0
                ],
                [
                    0,
                    0,
                    0,
                    1
                ]
            ]
        },
        {
            "file_path": "train/034.png",
            "transform_matrix": [
                [
                    -0.9492424726486206,
                    0.17447809875011444,
                    -0.26171714067459106,
                    -1.887269139289856
                ],
                [
                    -0.3145448565483093,
                    -0.5265449285507202,
                    0.7898175716400146,
                    5.695455551147461
                ],
                [
                    7.488177189429734e-09,
                    0.8320502638816833,
                    0.5547001957893372,
                    4.0
                ],
                [
                    0,
                    0,
                    0,
                    1
                ]
            ]
        },
        {
            "file_path": "train/035.png",
            "transform_matrix": [
                [
                    -0.9123584628105164,
                    0.22708994150161743,
                    -0.3406349718570709,
                    -2.4563534259796143
                ],
                [
                    -0.40939226746559143,
                    -0.5060853958129883,
                    0.7591281533241272,
                    5.474150657653809
                ],
                [
                    -1.0145731366151267e-08,
                    0.8320503234863281,
                    0.5547001361846924,
                    4.0
                ],
                [
                    0,
                    0,
                    0,
                    1
                ]
            ]
        },
        {
            "file_path": "train/036.png",
            "transform_matrix": [
                [
                    -0.866025447845459,
                    0.2773500978946686,
                    -0.4160251319408417,
                    -2.999999761581421
                ],
                [
                    -0.4999999701976776,
                    -0.48038455843925476,
                    0.7205767035484314,
                    5.196152210235596
                ],
                [
                    -3.6183163132363916e-08,
                    0.8320502638816833,
                    0.5547002553939819,
                    4.0
                ],
                [
                    0,
                    0,
                    0,
                    1
                ]
            ]
        },
        {
            "file_path": "train/037.png",
            "transform_matrix": [
                [
                    -0.8107233643531799,
                    0.3247377872467041,
                    -0.4871068000793457,
                    -3.5125770568847656
                ],
                [
                    -0.5854294896125793,
                    -0.44970837235450745,
                    0.6745626330375671,
                    4.864340305328369
                ],
                [
                    -1.7338157576318736e-08,
                    0.8320503234863281,
                    0.5547001361846924,
                    4.0
                ],
                [
                    0,
                    0,
                    0,
                    1
                ]
            ]
        },
        {
            "file_path": "train/038.png",
            "transform_matrix": [
                [
                    -0.7470250129699707,
                    0.3687624931335449,
                    -0.5531436800956726,
                    -3.9887757301330566
                ],
                [
                    -0.664795994758606,
                    -0.4143748879432678,
                    0.6215623617172241,
                    4.482150077819824
                ],
                [
                    4.0020843528054684e-08,
                    0.8320503234863281,
                    0.5547001957893372,
                    4.0
                ],
                [
                    0,
                    0,
                    0,
                    1
                ]
            ]
        },
        {
            "file_path": "train/039.png",
            "transform_matrix": [
                [
                    -0.6755903363227844,
                    0.40896791219711304,
                    -0.6134518384933472,
                    -4.42366361618042
                ],
                [
                    -0.7372773885726929,
                    -0.3747500479221344,
                    0.5621250867843628,
                    4.053541660308838
                ],
                [
                    5.985108941786166e-08,
                    0.8320503830909729,
                    0.5547001361846924,
                    4.0
                ],
                [
                    0,
                    0,
                    0,
                    1
                ]
            ]
        },
        {
            "file_path": "train/040.png",
            "transform_matrix": [
                [
                    -0.5971585512161255,
                    0.4449378252029419,
                    -0.6674068570137024,
                    -4.812739372253418
                ],
                [
                    -0.8021231889724731,
                    -0.33124393224716187,
                    0.49686598777770996,
                    3.582951545715332
                ],
                [
                    -3.8984762085192415e-09,
                    0.8320503234863281,
                    0.5547001361846924,
                    4.0
                ],
                [
                    0,
                    0,
                    0,
                    1
                ]
            ]
        },
        {
            "file_path": "train/041.png",
            "transform_matrix": [
                [
                    -0.5125424861907959,
                    0.4762999713420868,
                    -0.7144498825073242,
                    -5.151971340179443
                ],
                [
                    -0.8586618900299072,
                    -0.28430742025375366,
                    0.4264611005783081,
                    3.0752549171447754
                ],
                [
                    3.419602379040043e-08,
                    0.8320503234863281,
                    0.5547001957893372,
                    4.0
                ],
                [
                    0,
                    0,
                    0,
                    1
                ]
            ]
        },
        {
            "file_path": "train/042.png",
            "transform_matrix": [
                [
                    -0.42261824011802673,
                    0.5027291178703308,
                    -0.7540937066078186,
                    -5.437847137451172
                ],
                [
                    -0.9063078165054321,
                    -0.23442639410495758,
                    0.35163962841033936,
                    2.5357091426849365
                ],
                [
                    1.843367058995682e-08,
                    0.8320503234863281,
                    0.5547001361846924,
                    4.0
                ],
                [
                    0,
                    0,
                    0,
                    1
                ]
            ]
        },
        {
            "file_path": "train/043.png",
            "transform_matrix": [
                [
                    -0.3283170759677887,
                    0.5239518880844116,
                    -0.7859277129173279,
                    -5.667405128479004
                ],
                [
                    -0.9445675611495972,
                    -0.18211758136749268,
                    0.27317631244659424,
                    1.9699020385742188
                ],
                [
                    -1.0689614526881996e-08,
                    0.8320502638816833,
                    0.5547002553939819,
                    4.0
                ],
                [
                    0,
                    0,
                    0,
                    1
                ]
            ]
        },
        {
            "file_path": "train/044.png",
            "transform_matrix": [
                [
                    -0.23061566054821014,
                    0.5397481322288513,
                    -0.8096222877502441,
                    -5.8382697105407715
                ],
                [
                    -0.9730448722839355,
                    -0.12792254984378815,
                    0.1918838620185852,
                    1.3836939334869385
                ],
                [
                    -2.6530020846848856e-08,
                    0.8320502638816833,
                    0.5547001957893372,
                    4.0
                ],
                [
                    0,
                    0,
                    0,
                    1
                ]
            ]
        },
        {
            "file_path": "train/045.png",
            "transform_matrix": [
                [
                    -0.13052640855312347,
                    0.5499546527862549,
                    -0.8249320983886719,
                    -5.948668956756592
                ],
                [
                    -0.9914449453353882,
                    -0.07240297645330429,
                    0.10860452055931091,
                    0.7831583619117737
                ],
                [
                    1.0140038142480989e-07,
                    0.8320503830909729,
                    0.5547000765800476,
                    4.0
                ],
                [
                    0,
                    0,
                    0,
                    1
                ]
            ]
        },
        {
            "file_path": "train/046.png",
            "transform_matrix": [
                [
                    -0.029084868729114532,
                    0.5544655919075012,
                    -0.8316982388496399,
                    -5.997461318969727
                ],
                [
                    -0.999576985836029,
                    -0.016133427619934082,
                    0.024200033396482468,
                    0.17450915277004242
                ],
                [
                    -3.987850760722722e-08,
                    0.8320502638816833,
                    0.5547002553939819,
                    4.0
                ],
                [
                    0,
                    0,
                    0,
                    1
                ]
            ]
        },
        {
            "file_path": "train/047.png",
            "transform_matrix": [
                [
                    0.07265787571668625,
                    0.5532341003417969,
                    -0.8298511505126953,
                    -5.984141826629639
                ],
                [
                    -0.9973569512367249,
                    0.0403033047914505,
                    -0.060455046594142914,
                    -0.43594735860824585
                ],
                [
                    -1.74894339011189e-08,
                    0.8320503234863281,
                    0.5547001957893372,
                    4.0
                ],
                [
                    0,
                    0,
                    0,
                    1
                ]
            ]
        },
        {
            "file_path": "train/048.png",
            "transform_matrix": [
                [
                    0.17364822328090668,
                    0.5462729930877686,
                    -0.8194095492362976,
                    -5.908846378326416
                ],
                [
                    -0.9848077297210693,
                    0.09632272273302078,
                    -0.1444840282201767,
                    -1.041888952255249
                ],
                [
                    2.1856934040442866e-08,
                    0.8320502638816833,
                    0.5547001957893372,
                    4.0
                ],
                [
                    0,
                    0,
