{
    "camera_angle_x": 0.691111147403717,
    "frames": [
        {
            "file_path": "train/000.png",
            "transform_matrix": [
                [
                    1.0,
                    0.0,
                    0.0,
                    0.0
                ],
                [
                    0.0,
                    0.08304550498723984,
                    -0.9965457320213318,
                    -6.0
                ],
                [
                    0.0,
                    0.9965457320213318,
                    0.08304550498723984,
                    0.5
                ],
                [
                    0,
                    0,
                    0,
                    1
                ]
            ]
        },
        {
            "file_path": "train/001.png",
            "transform_matrix": [
                [
                    0.9948217272758484,
                    -0.008440330624580383,
                    0.10128401219844818,
                    0.609810471534729
                ],
                [
                    0.10163508355617523,
                    0.08261534571647644,
                    -0.9913854598999023,
                    -5.968930244445801
                ],
                [
                    1.8131891543760048e-09,
                    0.9965457916259766,
                    0.08304537832736969,
                    0.5
                ],
                [
                    0,
                    0,
                    0,
                    1
                ]
            ]
        },
        {
            "file_path": "train/002.png",
            "transform_matrix": [
                [
                    0.9793406128883362,
                    -0.01679321564733982,
                    0.20151905715465546,
                    1.2133053541183472
                ],
                [
                    0.20221756398677826,
                    0.08132951706647873,
                    -0.9759578704833984,
                    -5.876043796539307
                ],
                [
                    -5.138162784135147e-09,
                    0.9965459108352661,
                    0.08304518461227417,
                    0.5
                ],
                [
                    0,
                    0,
                    0,
                    1
                ]
            ]
        },
        {
            "file_path": "train/003.png",
            "transform_matrix": [
                [
                    0.9537169337272644,
                    -0.02497226372361183,
                    0.2996670603752136,
                    1.8042347431182861
                ],
                [
                    0.30070579051971436,
                    0.07920200377702713,
                    -0.9504225254058838,
                    -5.722301483154297
                ],
                [
                    -2.1915425918450637e-08,
                    0.9965457320213318,
                    0.0830456018447876,
                    0.5
                ],
                [
                    0,
                    0,
                    0,
                    1
                ]
            ]
        },
        {
            "file_path": "train/004.png",
            "transform_matrix": [
                [
                    0.9182160496711731,
                    -0.032892629504203796,
                    0.3947117030620575,
                    2.376478672027588
                ],
                [
                    0.3960798382759094,
                    0.07625357806682587,
                    -0.915044367313385,
                    -5.509296417236328
                ],
                [
                    1.9437941034539108e-08,
                    0.9965457916259766,
                    0.0830453634262085,
                    0.5
                ],
                [
                    0,
                    0,
                    0,
                    1
                ]
            ]
        },
        {
            "file_path": "train/005.png",
            "transform_matrix": [
                [
                    0.8732057809829712,
                    -0.040472324937582016,
                    0.48566827178001404,
                    2.9241104125976562
                ],
                [
                    0.4873517155647278,
                    0.07251571863889694,
                    -0.8701896071434021,
                    -5.239234924316406
                ],
                [
                    -2.8248653194395956e-08,
                    0.9965458512306213,
                    0.08304539322853088,
                    0.5
                ],
                [
                    0,
                    0,
                    0,
                    1
                ]
            ]
        },
        {
            "file_path": "train/006.png",
            "transform_matrix": [
                [
                    0.8191519975662231,
                    -0.04763294383883476,
                    0.5715952515602112,
                    3.4414587020874023
                ],
                [
                    0.5735765099525452,
                    0.06802671402692795,
                    -0.8163225650787354,
                    -4.914912223815918
                ],
                [
                    4.864319436137521e-08,
                    0.9965458512306213,
                    0.0830453410744667,
                    0.5
                ],
                [
                    0,
                    0,
                    0,
                    1
                ]
            ]
        },
        {
            "file_path": "train/007.png",
            "transform_matrix": [
                [
                    0.7566148042678833,
                    -0.05430019274353981,
                    0.6516023278236389,
                    3.9231653213500977
                ],
                [
                    0.6538609266281128,
                    0.06283335387706757,
                    -0.7540013194084167,
                    -4.539689064025879
                ],
                [
                    1.2509453028997086e-08,
                    0.9965458512306213,
                    0.08304540067911148,
                    0.5
                ],
                [
                    0,
                    0,
                    0,
                    1
                ]
            ]
        },
        {
            "file_path": "train/008.png",
            "transform_matrix": [
                [
                    0.686241626739502,
                    -0.06040510907769203,
                    0.7248611450195312,
                    4.364242076873779
                ],
                [
                    0.7273736596107483,
                    0.056989286094903946,
                    -0.6838712096214294,
                    -4.117449760437012
                ],
                [
                    -2.2880541905578866e-08,
                    0.9965457916259766,
                    0.08304549753665924,
                    0.5
                ],
                [
                    0,
                    0,
                    0,
                    1
                ]
            ]
        },
        {
            "file_path": "train/009.png",
            "transform_matrix": [
                [
                    0.6087614297866821,
                    -0.06588441133499146,
                    0.7906129956245422,
                    4.760119915008545
                ],
                [
                    0.7933534383773804,
                    0.050554774701595306,
                    -0.6066587567329407,
                    -3.6525685787200928
                ],
                [
                    -6.73455247124366e-09,
                    0.9965459108352661,
                    0.0830453634262085,
                    0.5
                ],
                [
                    0,
                    0,
                    0,
                    1
                ]
            ]
        },
        {
            "file_path": "train/010.png",
            "transform_matrix": [
                [
                    0.5249766111373901,
                    -0.07068140804767609,
                    0.8481767177581787,
                    5.1066999435424805
                ],
                [
                    0.8511166572570801,
                    0.04359695687890053,
                    -0.5231632590293884,
                    -3.149859666824341
                ],
                [
                    -4.478216908410104e-08,
                    0.9965457916259766,
                    0.08304548263549805,
                    0.5
                ],
                [
                    0,
                    0,
                    0,
                    1
                ]
            ]
        },
        {
            "file_path": "train/011.png",
            "transform_matrix": [
                [
                    0.4357546269893646,
                    -0.0747462660074234,
                    0.8969565629959106,
                    5.400392532348633
                ],
                [
                    0.9000656008720398,
                    0.03618723526597023,
                    -0.43424955010414124,
                    -2.6145284175872803
                ],
                [
                    5.0953076424775645e-08,
                    0.9965459108352661,
                    0.08304522186517715,
                    0.5
                ],
                [
                    0,
                    0,
                    0,
                    1
                ]
            ]
        },
        {
            "file_path": "train/012.png",
            "transform_matrix": [
                [
                    0.34202006459236145,
                    -0.07803719490766525,
                    0.9364467263221741,
                    5.638155937194824
                ],
                [
                    0.9396926760673523,
                    0.028403235599398613,
                    -0.3408386707305908,
                    -2.0521209239959717
                ],
                [
                    -4.664324393388597e-08,
                    0.9965457916259766,
                    0.08304543793201447,
                    0.5
                ],
                [
                    0,
                    0,
                    0,
                    1
                ]
            ]
        },
        {
            "file_path": "train/013.png",
            "transform_matrix": [
                [
                    0.2447432577610016,
                    -0.08051992952823639,
                    0.9662387371063232,
                    5.817527770996094
                ],
                [
                    0.9695879220962524,
                    0.020324846729636192,
                    -0.24389787018299103,
                    -1.4684597253799438
                ],
                [
                    -3.7049979084713414e-08,
                    0.9965457916259766,
                    0.08304550498723984,
                    0.5
                ],
                [
                    0,
                    0,
                    0,
                    1
                ]
            ]
        },
        {
            "file_path": "train/014.png",
            "transform_matrix": [
                [
                    0.14493191242218018,
                    -0.08216868340969086,
                    0.9860238432884216,
                    5.936649799346924
                ],
                [
                    0.9894416332244873,
                    0.012035983614623547,
                    -0.14443127810955048,
                    -0.869591236114502
                ],
                [
                    -3.44510091565553e-08,
                    0.9965457320213318,
                    0.08304551988840103,
                    0.5
                ],
                [
                    0,
                    0,
                    0,
                    1
                ]
            ]
        },
        {
            "file_path": "train/015.png",
            "transform_matrix": [
                [
                    0.04361934959888458,
                    -0.08296641707420349,
                    0.9955973029136658,
                    5.994289398193359
                ],
                [
                    0.9990482330322266,
                    0.0036223754286766052,
                    -0.04346870258450508,
                    -0.26171600818634033
                ],
                [
                    -9.946997892029685e-09,
                    0.9965457916259766,
                    0.08304543793201447,
                    0.5
                ],
                [
                    0,
                    0,
                    0,
                    1
                ]
            ]
        },
        {
            "file_path": "train/016.png",
            "transform_matrix": [
                [
                    -0.058144811540842056,
                    -0.08290502429008484,
                    0.9948597550392151,
                    5.989849090576172
                ],
                [
                    0.9983081817626953,
                    -0.004828711971640587,
                    0.05794394761323929,
                    0.3488689363002777
                ],
                [
                    3.2187955412155134e-08,
                    0.9965457916259766,
                    0.08304551243782043,
                    0.5
                ],
                [
                    0,
                    0,
                    0,
                    1
                ]
            ]
        },
        {
            "file_path": "train/017.png",
            "transform_matrix": [
                [
                    -0.15930698812007904,
                    -0.08198492974042892,
                    0.9838190674781799,
                    5.923374652862549
                ],
                [
                    0.9872291684150696,
                    -0.013229748234152794,
                    0.15875664353370667,
                    0.9558414816856384
                ],
                [
                    -4.3780705283325005e-08,
                    0.9965458512306213,
                    0.08304541558027267,
                    0.5
                ],
                [
                    0,
                    0,
                    0,
                    1
                ]
            ]
        },
        {
            "file_path": "train/018.png",
            "transform_matrix": [
                [
                    -0.2588191330432892,
                    -0.08021579682826996,
                    0.9625893831253052,
                    5.795555114746094
                ],
                [
                    0.965925931930542,
                    -0.021493801847100258,
                    0.25792500376701355,
                    1.5529142618179321
                ],
                [
                    -4.359198513270712e-08,
                    0.9965458512306213,
                    0.08304540067911148,
                    0.5
                ],
                [
                    0,
                    0,
                    0,
                    1
                ]
            ]
        },
        {
            "file_path": "train/019.png",
            "transform_matrix": [
                [
                    -0.355650931596756,
                    -0.07761584222316742,
                    0.9313905835151672,
                    5.607713222503662
                ],
                [
                    0.9346189498901367,
                    -0.029535237699747086,
                    0.35442236065864563,
                    2.1339049339294434
                ],
                [
                    -7.425622783330255e-09,
                    0.9965458512306213,
                    0.08304537087678909,
                    0.5
                ],
                [
                    0,
                    0,
                    0,
                    1
                ]
            ]
        },
        {
            "file_path": "train/020.png",
            "transform_matrix": [
                [
                    -0.44879934191703796,
                    -0.0742122158408165,
                    0.8905458450317383,
                    5.361795902252197
                ],
                [
                    0.893632709980011,
                    -0.037270840257406235,
                    0.44724899530410767,
                    2.6927950382232666
                ],
                [
                    -1.5098237327038078e-08,
                    0.9965458512306213,
                    0.08304547518491745,
                    0.5
                ],
                [
                    0,
                    0,
                    0,
                    1
                ]
            ]
        },
        {
            "file_path": "train/021.png",
            "transform_matrix": [
                [
                    -0.5372996926307678,
                    -0.07003991305828094,
                    0.840478241443634,
                    5.0603485107421875
                ],
                [
                    0.8433915376663208,
                    -0.044620331376791,
                    0.5354436635971069,
                    3.2237977981567383
                ],
                [
                    -7.347026809156887e-08,
                    0.9965458512306213,
                    0.08304544538259506,
                    0.5
                ],
                [
                    0,
                    0,
                    0,
                    1
                ]
            ]
        },
        {
            "file_path": "train/022.png",
            "transform_matrix": [
                [
                    -0.620235800743103,
                    -0.06514214724302292,
                    0.7817060947418213,
                    4.706493377685547
                ],
                [
                    0.7844156622886658,
                    -0.05150787532329559,
                    0.6180932521820068,
                    3.7214133739471436
                ],
                [
                    2.097417706181659e-08,
                    0.9965458512306213,
                    0.08304537087678909,
                    0.5
                ],
                [
                    0,
                    0,
                    0,
                    1
                ]
            ]
        },
        {
            "file_path": "train/023.png",
            "transform_matrix": [
                [
                    -0.6967479586601257,
                    -0.059569913893938065,
                    0.7148383855819702,
                    4.303896903991699
                ],
                [
                    0.7173161506652832,
                    -0.05786183103919029,
                    0.6943411231040955,
                    4.180487155914307
                ],
                [
                    -2.1907681002630852e-08,
                    0.9965457916259766,
                    0.08304547518491745,
                    0.5
                ],
                [
                    0,
                    0,
                    0,
                    1
                ]
            ]
        },
        {
            "file_path": "train/024.png",
            "transform_matrix": [
                [
                    -0.766044557094574,
                    -0.05338058993220329,
                    0.6405673027038574,
                    3.8567256927490234
                ],
                [
                    0.6427876353263855,
                    -0.06361658126115799,
                    0.7633983492851257,
                    4.596266746520996
                ],
                [
                    5.451060047789724e-09,
                    0.9965457916259766,
                    0.08304540067911148,
                    0.5
                ],
                [
                    0,
                    0,
                    0,
                    1
                ]
            ]
        },
        {
            "file_path": "train/025.png",
            "transform_matrix": [
                [
                    -0.8274075984954834,
                    -0.04663844779133797,
                    0.5596621632575989,
                    3.369612216949463
                ],
                [
                    0.5616020560264587,
                    -0.0687125027179718,
                    0.8245494961738586,
                    4.964445114135742
                ],
                [
                    5.25469658896327e-08,
                    0.9965457916259766,
                    0.08304540067911148,
                    0.5
                ],
                [
                    0,
                    0,
                    0,
                    1
                ]
            ]
        },
        {
            "file_path": "train/026.png",
            "transform_matrix": [
                [
                    -0.8802015781402588,
                    -0.039413370192050934,
                    0.47296085953712463,
                    2.8476016521453857
                ],
                [
                    0.47460025548934937,
                    -0.07309679687023163,
                    0.8771610856056213,
                    5.2812089920043945
                ],
                [
                    2.3822993355793187e-08,
                    0.9965457916259766,
                    0.08304540067911148,
                    0.5
                ],
                [
                    0,
                    0,
                    0,
                    1
                ]
            ]
        },
        {
            "file_path": "train/027.png",
            "transform_matrix": [
                [
                    -0.9238797426223755,
                    -0.031780142337083817,
                    0.3813616931438446,
                    2.2961008548736572
                ],
                [
                    0.38268357515335083,
                    -0.07672402262687683,
                    0.9206883311271667,
                    5.543276786804199
                ],
                [
                    -4.892177685178467e-08,
                    0.9965459108352661,
                    0.08304525911808014,
                    0.5
                ],
                [
                    0,
                    0,
                    0,
                    1
                ]
            ]
        },
        {
            "file_path": "train/028.png",
            "transform_matrix": [
                [
                    -0.9579896926879883,
                    -0.02381770871579647,
                    0.2858125865459442,
                    1.7208194732666016
                ],
                [
                    0.286803275346756,
                    -0.07955671101808548,
                    0.9546804428100586,
                    5.747937202453613
                ],
                [
                    -1.6875812747230157e-08,
                    0.9965458512306213,
                    0.08304532617330551,
                    0.5
                ],
                [
                    0,
                    0,
                    0,
                    1
                ]
            ]
        },
        {
            "file_path": "train/029.png",
            "transform_matrix": [
                [
                    -0.982178270816803,
                    -0.015608618967235088,
                    0.18730349838733673,
                    1.127716302871704
                ],
                [
                    0.18795272707939148,
                    -0.08156555891036987,
                    0.9787854552268982,
                    5.893068313598633
                ],
                [
                    9.102261167015513e-09,
                    0.9965458512306213,
                    0.08304540812969208,
                    0.5
                ],
                [
                    0,
                    0,
                    0,
                    1
                ]
            ]
        },
        {
            "file_path": "train/030.png",
            "transform_matrix": [
                [
                    -0.9961948394775391,
                    -0.007237887941300869,
                    0.08685459196567535,
                    0.522933840751648
                ],
                [
                    0.08715564757585526,
                    -0.08272957056760788,
                    0.9927536845207214,
                    5.977168083190918
                ],
                [
                    -1.5336825143208443e-09,
                    0.9965457916259766,
                    0.08304547518491745,
                    0.5
                ],
                [
                    0,
                    0,
                    0,
                    1
                ]
            ]
        },
        {
            "file_path": "train/031.png",
            "transform_matrix": [
                [
                    -0.9998942017555237,
                    0.0012077996507287025,
                    -0.014493582770228386,
                    -0.08726293593645096
                ],
                [
                    -0.014543820172548294,
                    -0.08303676545619965,
                    0.9964402914047241,
                    5.99936580657959
                ],
                [
                    -3.2784003289876296e-10,
                    0.9965457320213318,
                    0.0830456018447876,
                    0.5
                ],
                [
                    0,
                    0,
                    0,
                    1
                ]
            ]
        },
        {
            "file_path": "train/032.png",
            "transform_matrix": [
                [
                    -0.9932384490966797,
                    0.009640989825129509,
                    -0.1156919002532959,
                    -0.6965574026107788
                ],
                [
                    -0.11609291285276413,
                    -0.08248404413461685,
                    0.9898075461387634,
                    5.959429740905762
                ],
                [
                    -4.626952598840717e-09,
                    0.9965457916259766,
                    0.08304545283317566,
                    0.5
                ],
                [
                    0,
                    0,
                    0,
                    1
                ]
            ]
        },
        {
            "file_path": "train/033.png",
            "transform_matrix": [
                [
                    -0.9762961268424988,
                    0.01797434873878956,
                    -0.21569201350212097,
                    -1.298637866973877
                ],
                [
                    -0.2164396494626999,
                    -0.08107709884643555,
                    0.9729236960411072,
                    5.857776165008545
                ],
                [
                    6.81215084341602e-10,
                    0.9965457916259766,
                    0.08304549008607864,
                    0.5
                ],
                [
                    0,
                    0,
                    0,
                    1
                ]
            ]
        },
        {
            "file_path": "train/034.png",
            "transform_matrix": [
                [
                    -0.9492427110671997,
                    0.026121536269783974,
                    -0.3134583830833435,
                    -1.887269139289856
                ],
                [
                    -0.3145448863506317,
                    -0.07883033156394958,
                    0.9459637403488159,
                    5.695455551147461
                ],
                [
                    1.3543451693465158e-08,
                    0.9965457916259766,
                    0.08304541558027267,
                    0.5
                ],
                [
                    0,
                    0,
                    0,
                    1
                ]
            ]
        },
        {
            "file_path": "train/035.png",
            "transform_matrix": [
                [
                    -0.9123586416244507,
                    0.03399818763136864,
                    -0.4079781770706177,
                    -2.4563534259796143
                ],
                [
                    -0.4093923270702362,
                    -0.07576724141836166,
                    0.9092070460319519,
                    5.474150657653809
                ],
                [
                    5.363141752923184e-08,
                    0.9965458512306213,
                    0.08304527401924133,
                    0.5
                ],
                [
                    0,
                    0,
                    0,
                    1
                ]
            ]
        },
        {
            "file_path": "train/036.png",
            "transform_matrix": [
                [
                    -0.8660255074501038,
                    0.041522759944200516,
                    -0.4982728958129883,
                    -2.999999761581421
                ],
                [
                    -0.5,
                    -0.07191959768533707,
                    0.8630339503288269,
                    5.196152210235596
                ],
                [
                    -1.0887802659453882e-08,
                    0.9965457916259766,
                    0.08304549753665924,
                    0.5
                ],
                [
                    0,
                    0,
                    0,
                    1
                ]
            ]
        },
        {
            "file_path": "train/037.png",
            "transform_matrix": [
                [
                    -0.8107233047485352,
                    0.048617228865623474,
                    -0.5834072828292847,
                    -3.5125770568847656
                ],
                [
                    -0.5854294896125793,
                    -0.0673268511891365,
                    0.807922899723053,
                    4.864340305328369
                ],
                [
                    -1.103868640939254e-08,
                    0.9965457320213318,
                    0.08304542303085327,
                    0.5
                ],
                [
                    0,
                    0,
                    0,
                    1
                ]
            ]
        },
        {
            "file_path": "train/038.png",
            "transform_matrix": [
                [
                    -0.7470250725746155,
                    0.05520833283662796,
                    -0.6624996066093445,
                    -3.9887757301330566
                ],
                [
                    -0.664795994758606,
                    -0.062037140130996704,
                    0.7444446086883545,
                    4.482150077819824
                ],
                [
                    -6.891447412726848e-09,
                    0.9965457916259766,
                    0.08304550498723984,
                    0.5
                ],
                [
                    0,
                    0,
                    0,
                    1
                ]
            ]
        },
        {
            "file_path": "train/039.png",
            "transform_matrix": [
                [
                    -0.6755902767181396,
                    0.06122754514217377,
                    -0.73473060131073,
                    -4.42366361618042
                ],
                [
                    -0.7372773289680481,
                    -0.05610471963882446,
                    0.6732566356658936,
                    4.053541660308838
                ],
                [
                    1.9124549055504758e-08,
                    0.9965457916259766,
                    0.08304543048143387,
                    0.5
                ],
                [
                    0,
                    0,
                    0,
                    1
                ]
            ]
        },
        {
            "file_path": "train/040.png",
            "transform_matrix": [
                [
                    -0.597158670425415,
                    0.06661265343427658,
                    -0.7993524670600891,
                    -4.812739372253418
                ],
                [
                    -0.8021231889724731,
                    -0.04959139600396156,
                    0.5950959324836731,
                    3.582951545715332
                ],
                [
                    -5.071466446793238e-08,
                    0.9965457916259766,
                    0.08304540067911148,
                    0.5
                ],
                [
                    0,
                    0,
                    0,
                    1
                ]
            ]
        },
        {
            "file_path": "train/041.png",
            "transform_matrix": [
                [
                    -0.5125424265861511,
                    0.07130799442529678,
                    -0.8556957840919495,
                    -5.151971340179443
                ],
                [
                    -0.8586617708206177,
                    -0.04256438836455345,
                    0.5107720494270325,
                    3.0752549171447754
                ],
                [
                    -8.069201840044116e-08,
                    0.996545672416687,
                    0.0830456018447876,
                    0.5
                ],
                [
                    0,
                    0,
                    0,
                    1
                ]
            ]
        },
        {
            "file_path": "train/042.png",
            "transform_matrix": [
                [
                    -0.4226180911064148,
                    0.0752648115158081,
                    -0.9031772017478943,
                    -5.437847137451172
                ],
                [
                    -0.9063078165054321,
                    -0.035096559673547745,
                    0.4211583137512207,
                    2.5357091426849365
                ],
                [
                    -5.039265005279958e-08,
                    0.9965457320213318,
                    0.0830455869436264,
                    0.5
                ],
                [
                    0,
                    0,
                    0,
                    1
                ]
            ]
        },
        {
            "file_path": "train/043.png",
            "transform_matrix": [
                [
                    -0.3283170759677887,
                    0.07844200730323792,
                    -0.9413049221038818,
                    -5.667405128479004
                ],
                [
                    -0.9445676803588867,
                    -0.027265306562185287,
                    0.32718291878700256,
                    1.9699020385742188
                ],
                [
                    -9.985612337004568e-09,
                    0.9965458512306213,
                    0.0830453410744667,
                    0.5
                ],
                [
                    0,
                    0,
                    0,
                    1
                ]
            ]
        },
        {
            "file_path": "train/044.png",
            "transform_matrix": [
                [
                    -0.23061570525169373,
                    0.08080700784921646,
                    -0.9696838855743408,
                    -5.8382697105407715
                ],
                [
                    -0.9730449914932251,
                    -0.019151626154780388,
                    0.22981902956962585,
                    1.3836939334869385
                ],
                [
                    4.1484810253678006e-08,
                    0.9965458512306213,
                    0.08304541558027267,
                    0.5
                ],
                [
                    0,
                    0,
                    0,
                    1
                ]
            ]
        },
        {
            "file_path": "train/045.png",
            "transform_matrix": [
                [
                    -0.13052646815776825,
                    0.08233499526977539,
                    -0.9880203008651733,
                    -5.948668956756592
                ],
                [
                    -0.9914449453353882,
                    -0.01083963643759489,
                    0.13007548451423645,
                    0.7831583619117737
                ],
                [
                    1.0157026508750278e-07,
                    0.9965458512306213,
                    0.08304532617330551,
                    0.5
                ],
                [
                    0,
                    0,
                    0,
                    1
                ]
            ]
        },
        {
            "file_path": "train/046.png",
            "transform_matrix": [
                [
                    -0.029084904119372368,
                    0.08301030844449997,
                    -0.9961243271827698,
                    -5.997461318969727
                ],
                [
                    -0.9995771050453186,
                    -0.0024154502898454666,
                    0.028984310105443,
                    0.17450915277004242
                ],
                [
                    3.879918253346659e-08,
                    0.9965459108352661,
                    0.08304531127214432,
                    0.5
                ],
                [
                    0,
                    0,
                    0,
                    1
                ]
            ]
        },
        {
            "file_path": "train/047.png",
            "transform_matrix": [
                [
                    0.07265781611204147,
                    0.0828259289264679,
                    -0.993911862373352,
                    -5.984141826629639
                ],
                [
                    -0.9973569512367249,
                    0.006033844780176878,
                    -0.07240688055753708,
                    -0.43594735860824585
                ],
                [
                    -1.8772777110598327e-08,
                    0.9965457916259766,
                    0.08304538577795029,
                    0.5
                ],
                [
                    0,
                    0,
                    0,
                    1
                ]
            ]
        },
        {
            "file_path": "train/048.png",
            "transform_matrix": [
                [
                    0.17364811897277832,
                    0.08178390562534332,
                    -0.981406033039093,
                    -5.908846378326416
                ],
                [
                    -0.9848077893257141,
                    0.014420648105442524,
                    -0.17304833233356476,
                    -1.041888952255249
                ],
                [
                    -1.4150067784157727e-08,
                    0.9965457916259766,
                    0.08304550498723984,
